0.000000000000000000e+00
1.396263401595463916e-01
2.792526803190927831e-01
4.188790204786391747e-01
5.585053606381855662e-01
6.981317007977319022e-01
8.377580409572783493e-01
9.773843811168247964e-01
1.117010721276371132e+00
1.256637061435917468e+00
1.396263401595463804e+00
1.535889741755010363e+00
1.675516081914556699e+00
1.815142422074103035e+00
1.954768762233649593e+00
2.094395102393195707e+00
2.234021442552742265e+00
2.373647782712288823e+00
2.513274122871834937e+00
2.652900463031381495e+00
2.792526803190927609e+00
2.932153143350474167e+00
3.071779483510020725e+00
3.211405823669566839e+00
3.351032163829113397e+00
3.490658503988659955e+00
3.630284844148206069e+00
3.769911184307752627e+00
3.909537524467299185e+00
4.049163864626845744e+00
4.188790204786391413e+00
4.328416544945937972e+00
4.468042885105484530e+00
4.607669225265031088e+00
4.747295565424577646e+00
4.886921905584123316e+00
5.026548245743669874e+00
5.166174585903216432e+00
5.305800926062762990e+00
5.445427266222309548e+00
5.585053606381855218e+00
5.724679946541401776e+00
5.864306286700948334e+00
6.003932626860494892e+00
6.143558967020041450e+00
6.283185307179588008e+00
6.422811647339133678e+00
6.562437987498680236e+00
6.702064327658226794e+00
6.841690667817773353e+00
6.981317007977319911e+00
7.120943348136865580e+00
7.260569688296412139e+00
7.400196028455958697e+00
7.539822368615505255e+00
7.679448708775051813e+00
7.819075048934598371e+00
7.958701389094144041e+00
8.098327729253691487e+00
8.237954069413236269e+00
8.377580409572782827e+00
8.517206749732329385e+00
8.656833089891875943e+00
8.796459430051422501e+00
8.936085770210969059e+00
9.075712110370515617e+00
9.215338450530062175e+00
9.354964790689608733e+00
9.494591130849155292e+00
9.634217471008701850e+00
9.773843811168246631e+00
9.913470151327793189e+00
1.005309649148733975e+01
1.019272283164688631e+01
1.033234917180643286e+01
1.047197551196597942e+01
1.061160185212552598e+01
1.075122819228507254e+01
1.089085453244461910e+01
1.103048087260416565e+01
1.117010721276371044e+01
1.130973355292325699e+01
1.144935989308280355e+01
1.158898623324235011e+01
1.172861257340189667e+01
1.186823891356144323e+01
1.200786525372098978e+01
1.214749159388053634e+01
1.228711793404008290e+01
1.242674427419962946e+01
1.256637061435917602e+01
1.270599695451872080e+01
1.284562329467826736e+01
1.298524963483781391e+01
1.312487597499736047e+01
1.326450231515690703e+01
1.340412865531645359e+01
1.354375499547600015e+01
1.368338133563554671e+01
1.382300767579509149e+01
