0.000000000000000000e+00
2.316527916283382671e-01
4.633055832566765342e-01
6.949583748850147735e-01
9.266111665133530684e-01
1.158263958141691363e+00
1.389916749770029547e+00
1.621569541398367953e+00
1.853222333026706137e+00
2.084875124655044321e+00
2.316527916283382726e+00
2.548180707911721132e+00
2.779833499540059094e+00
3.011486291168397500e+00
3.243139082796735906e+00
3.474791874425073868e+00
3.706444666053412273e+00
3.938097457681750679e+00
4.169750249310088641e+00
4.401403040938427047e+00
4.633055832566765453e+00
4.864708624195103859e+00
5.096361415823442265e+00
5.328014207451779782e+00
5.559666999080118188e+00
5.791319790708456594e+00
6.022972582336795000e+00
6.254625373965133406e+00
6.486278165593471812e+00
6.717930957221809329e+00
6.949583748850147735e+00
7.181236540478486141e+00
7.412889332106824547e+00
7.644542123735162953e+00
7.876194915363501359e+00
8.107847706991838876e+00
8.339500498620177282e+00
8.571153290248515688e+00
8.802806081876854094e+00
9.034458873505192500e+00
9.266111665133530906e+00
9.497764456761869312e+00
9.729417248390207718e+00
9.961070040018546123e+00
1.019272283164688453e+01
1.042437562327522116e+01
1.065602841490355956e+01
1.088768120653189797e+01
1.111933399816023638e+01
1.135098678978857478e+01
1.158263958141691319e+01
1.181429237304525159e+01
1.204594516467359000e+01
1.227759795630192841e+01
1.250925074793026681e+01
1.274090353955860522e+01
1.297255633118694362e+01
1.320420912281528203e+01
1.343586191444361866e+01
1.366751470607195706e+01
1.389916749770029547e+01
1.413082028932863388e+01
1.436247308095697228e+01
1.459412587258531069e+01
1.482577866421364909e+01
1.505743145584198750e+01
1.528908424747032591e+01
1.552073703909866431e+01
1.575238983072700272e+01
1.598404262235534112e+01
1.621569541398367775e+01
1.644734820561201616e+01
1.667900099724035456e+01
1.691065378886869297e+01
1.714230658049703138e+01
1.737395937212536978e+01
1.760561216375370819e+01
1.783726495538204659e+01
1.806891774701038500e+01
1.830057053863872341e+01
1.853222333026706181e+01
1.876387612189540022e+01
1.899552891352373862e+01
1.922718170515207703e+01
1.945883449678041544e+01
1.969048728840875384e+01
1.992214008003709225e+01
2.015379287166543065e+01
2.038544566329376906e+01
2.061709845492210746e+01
2.084875124655044232e+01
2.108040403817878072e+01
2.131205682980711913e+01
2.154370962143545754e+01
2.177536241306379594e+01
2.200701520469213435e+01
2.223866799632047275e+01
2.247032078794881116e+01
2.270197357957714956e+01
2.293362637120548797e+01
