-2.500000000000000139e-02
-2.450000000000000094e-02
-2.400000000000000050e-02
-2.350000000000000006e-02
-2.299999999999999961e-02
-2.249999999999999917e-02
-2.199999999999999872e-02
-2.149999999999999828e-02
-2.100000000000000130e-02
-2.050000000000000086e-02
-1.990000000000000102e-02
-1.940000000000000058e-02
-1.890000000000000013e-02
-1.839999999999999969e-02
-1.789999999999999925e-02
-1.739999999999999880e-02
-1.689999999999999836e-02
-1.640000000000000138e-02
-1.590000000000000094e-02
-1.540000000000000049e-02
-1.490000000000000005e-02
-1.439999999999999961e-02
-1.389999999999999916e-02
-1.340000000000000045e-02
-1.290000000000000001e-02
-1.239999999999999956e-02
-1.190000000000000085e-02
-1.140000000000000041e-02
-1.089999999999999997e-02
-1.039999999999999952e-02
-9.799999999999999684e-03
-9.299999999999999239e-03
-8.800000000000000530e-03
-8.300000000000000086e-03
-7.799999999999999642e-03
-7.300000000000000065e-03
-6.799999999999999621e-03
-6.300000000000000044e-03
-5.799999999999999600e-03
-5.300000000000000024e-03
-4.799999999999999580e-03
-4.300000000000000003e-03
-3.799999999999999992e-03
-3.299999999999999982e-03
-2.799999999999999972e-03
-2.299999999999999961e-03
-1.799999999999999951e-03
-1.299999999999999940e-03
-8.000000000000000383e-04
-2.999999999999999737e-04
2.999999999999999737e-04
8.000000000000000383e-04
1.299999999999999940e-03
1.799999999999999951e-03
2.299999999999999961e-03
2.799999999999999972e-03
3.299999999999999982e-03
3.799999999999999992e-03
4.300000000000000003e-03
4.799999999999999580e-03
5.300000000000000024e-03
5.799999999999999600e-03
6.300000000000000044e-03
6.799999999999999621e-03
7.300000000000000065e-03
7.799999999999999642e-03
8.300000000000000086e-03
8.800000000000000530e-03
9.299999999999999239e-03
9.799999999999999684e-03
1.039999999999999952e-02
1.089999999999999997e-02
1.140000000000000041e-02
1.190000000000000085e-02
1.239999999999999956e-02
1.290000000000000001e-02
1.340000000000000045e-02
1.389999999999999916e-02
1.439999999999999961e-02
1.490000000000000005e-02
1.540000000000000049e-02
1.590000000000000094e-02
1.640000000000000138e-02
1.689999999999999836e-02
1.739999999999999880e-02
1.789999999999999925e-02
1.839999999999999969e-02
1.890000000000000013e-02
1.940000000000000058e-02
1.990000000000000102e-02
2.050000000000000086e-02
2.100000000000000130e-02
2.149999999999999828e-02
2.199999999999999872e-02
2.249999999999999917e-02
2.299999999999999961e-02
2.350000000000000006e-02
2.400000000000000050e-02
2.450000000000000094e-02
2.500000000000000139e-02
