0.000000000000000000e+00
1.420820798105936478e-01
2.841641596211872955e-01
4.262462394317809711e-01
5.683283192423745911e-01
7.104103990529682111e-01
8.524924788635619421e-01
9.945745586741555622e-01
1.136656638484749182e+00
1.278738718295342913e+00
1.420820798105936422e+00
1.562902877916530153e+00
1.704984957727123884e+00
1.847067037537717393e+00
1.989149117348311124e+00
2.131231197158904855e+00
2.273313276969498364e+00
2.415395356780091873e+00
2.557477436590685826e+00
2.699559516401279335e+00
2.841641596211872844e+00
2.983723676022466798e+00
3.125805755833060307e+00
3.267887835643653816e+00
3.409969915454247769e+00
3.552051995264841278e+00
3.694134075075434787e+00
3.836216154886028296e+00
3.978298234696622249e+00
4.120380314507215758e+00
4.262462394317809711e+00
4.404544474128402776e+00
4.546626553938996729e+00
4.688708633749590682e+00
4.830790713560183747e+00
4.972872793370777700e+00
5.114954873181371653e+00
5.257036952991964718e+00
5.399119032802558671e+00
5.541201112613152624e+00
5.683283192423745689e+00
5.825365272234339642e+00
5.967447352044933595e+00
6.109529431855526660e+00
6.251611511666120613e+00
6.393693591476714566e+00
6.535775671287307631e+00
6.677857751097901584e+00
6.819939830908495537e+00
6.962021910719088602e+00
7.104103990529682555e+00
7.246186070340275620e+00
7.388268150150869573e+00
7.530350229961463526e+00
7.672432309772056591e+00
7.814514389582650544e+00
7.956596469393244497e+00
8.098678549203837562e+00
8.240760629014431515e+00
8.382842708825025468e+00
8.524924788635619421e+00
8.667006868446213375e+00
8.809088948256805551e+00
8.951171028067399504e+00
9.093253107877993457e+00
9.235335187688587411e+00
9.377417267499181364e+00
9.519499347309773540e+00
9.661581427120367493e+00
9.803663506930961447e+00
9.945745586741555400e+00
1.008782766655214935e+01
1.022990974636274331e+01
1.037199182617333548e+01
1.051407390598392944e+01
1.065615598579452339e+01
1.079823806560511734e+01
1.094032014541571129e+01
1.108240222522630525e+01
1.122448430503689742e+01
1.136656638484749138e+01
1.150864846465808533e+01
1.165073054446867928e+01
1.179281262427927324e+01
1.193489470408986719e+01
1.207697678390045937e+01
1.221905886371105332e+01
1.236114094352164727e+01
1.250322302333224123e+01
1.264530510314283518e+01
1.278738718295342913e+01
1.292946926276402131e+01
1.307155134257461526e+01
1.321363342238520922e+01
1.335571550219580317e+01
1.349779758200639712e+01
1.363987966181699107e+01
1.378196174162758325e+01
1.392404382143817720e+01
1.406612590124877116e+01
1.420820798105936511e+01
1.435029006086995906e+01
1.449237214068055124e+01
1.463445422049114519e+01
1.477653630030173915e+01
1.491861838011233310e+01
1.506070045992292705e+01
1.520278253973352101e+01
1.534486461954411318e+01
1.548694669935470714e+01
1.562902877916530109e+01
1.577111085897589504e+01
1.591319293878648899e+01
1.605527501859708295e+01
1.619735709840767512e+01
1.633943917821827085e+01
1.648152125802886303e+01
1.662360333783945521e+01
1.676568541765005094e+01
1.690776749746064311e+01
1.704984957727123884e+01
1.719193165708183102e+01
1.733401373689242675e+01
1.747609581670301893e+01
1.761817789651361110e+01
1.776025997632420683e+01
1.790234205613479901e+01
1.804442413594539474e+01
1.818650621575598691e+01
1.832858829556657909e+01
1.847067037537717482e+01
1.861275245518776700e+01
1.875483453499836273e+01
1.889691661480895490e+01
1.903899869461954708e+01
1.918108077443014281e+01
1.932316285424073499e+01
1.946524493405133072e+01
1.960732701386192289e+01
1.974940909367251862e+01
1.989149117348311080e+01
2.003357325329370298e+01
2.017565533310429871e+01
2.031773741291489088e+01
2.045981949272548661e+01
2.060190157253607879e+01
2.074398365234667097e+01
2.088606573215726669e+01
2.102814781196785887e+01
2.117022989177845460e+01
2.131231197158904678e+01
2.145439405139964251e+01
2.159647613121023468e+01
2.173855821102082686e+01
2.188064029083142259e+01
2.202272237064201477e+01
2.216480445045261050e+01
2.230688653026320267e+01
2.244896861007379485e+01
2.259105068988439058e+01
2.273313276969498276e+01
2.287521484950557848e+01
2.301729692931617066e+01
2.315937900912676284e+01
2.330146108893735857e+01
2.344354316874795074e+01
2.358562524855854647e+01
2.372770732836913865e+01
2.386978940817973438e+01
2.401187148799032656e+01
2.415395356780091873e+01
2.429603564761151446e+01
2.443811772742210664e+01
2.458019980723270237e+01
2.472228188704329455e+01
2.486436396685388672e+01
2.500644604666448245e+01
2.514852812647507463e+01
2.529061020628567036e+01
2.543269228609626254e+01
2.557477436590685826e+01
2.571685644571745044e+01
2.585893852552804262e+01
2.600102060533863835e+01
2.614310268514923052e+01
2.628518476495982625e+01
2.642726684477041843e+01
2.656934892458101061e+01
2.671143100439160634e+01
2.685351308420219851e+01
2.699559516401279424e+01
2.713767724382338642e+01
2.727975932363398215e+01
2.742184140344457433e+01
2.756392348325516650e+01
2.770600556306576223e+01
2.784808764287635441e+01
2.799016972268695014e+01
2.813225180249754231e+01
2.827433388230813804e+01
