0.000000000000000000e+00
2.855993321445266520e-01
5.711986642890533039e-01
8.567979964335799004e-01
1.142397328578106608e+00
1.427996660722633315e+00
1.713595992867159801e+00
1.999195325011686508e+00
2.284794657156213216e+00
2.570393989300739701e+00
2.855993321445266631e+00
3.141592653589793116e+00
3.427191985734319601e+00
3.712791317878846531e+00
3.998390650023373016e+00
4.283989982167899946e+00
4.569589314312426431e+00
4.855188646456952917e+00
5.140787978601479402e+00
5.426387310746006776e+00
5.711986642890533261e+00
5.997585975035059747e+00
6.283185307179586232e+00
6.568784639324112717e+00
6.854383971468639203e+00
7.139983303613166576e+00
7.425582635757693062e+00
7.711181967902219547e+00
7.996781300046746033e+00
8.282380632191273406e+00
8.567979964335799892e+00
8.853579296480326377e+00
9.139178628624852863e+00
9.424777960769379348e+00
9.710377292913905833e+00
9.995976625058432319e+00
1.028157595720295880e+01
1.056717528934748529e+01
1.085277462149201355e+01
1.113837395363654004e+01
1.142397328578106652e+01
1.170957261792559301e+01
1.199517195007011949e+01
1.228077128221464598e+01
1.256637061435917246e+01
1.285196994650369895e+01
1.313756927864822543e+01
1.342316861079275192e+01
1.370876794293727841e+01
1.399436727508180667e+01
1.427996660722633315e+01
1.456556593937085964e+01
1.485116527151538612e+01
1.513676460365991261e+01
1.542236393580443909e+01
1.570796326794896558e+01
1.599356260009349207e+01
1.627916193223801855e+01
1.656476126438254681e+01
1.685036059652707152e+01
1.713595992867159978e+01
1.742155926081612449e+01
1.770715859296065275e+01
1.799275792510517746e+01
1.827835725724970573e+01
1.856395658939423399e+01
1.884955592153875870e+01
1.913515525368328696e+01
1.942075458582781167e+01
1.970635391797233993e+01
1.999195325011686464e+01
2.027755258226139290e+01
2.056315191440591761e+01
2.084875124655044587e+01
2.113435057869497058e+01
2.141994991083949884e+01
2.170554924298402710e+01
2.199114857512855181e+01
2.227674790727308007e+01
2.256234723941760478e+01
2.284794657156213304e+01
2.313354590370665775e+01
2.341914523585118602e+01
2.370474456799571072e+01
2.399034390014023899e+01
2.427594323228476370e+01
2.456154256442929196e+01
2.484714189657382022e+01
2.513274122871834493e+01
2.541834056086287319e+01
2.570393989300739790e+01
2.598953922515192616e+01
2.627513855729645087e+01
2.656073788944097913e+01
2.684633722158550384e+01
2.713193655373003210e+01
2.741753588587455681e+01
2.770313521801908507e+01
2.798873455016361333e+01
2.827433388230813804e+01
