0.000000000000000000e+00
1.488122835910954622e+00
2.976245671821909244e+00
4.464368507732864089e+00
5.952491343643818489e+00
7.440614179554772889e+00
8.928737015465728177e+00
1.041685985137668169e+01
1.190498268728763698e+01
1.339310552319859227e+01
1.488122835910954578e+01
1.636935119502049929e+01
1.785747403093145635e+01
1.934559686684240987e+01
2.083371970275336338e+01
2.232184253866432044e+01
2.380996537457527396e+01
2.529808821048622747e+01
2.678621104639718453e+01
2.827433388230813804e+01
