0.000000000000000000e+00
9.749770304244185226e-01
1.949954060848837045e+00
2.924931091273255568e+00
3.899908121697674090e+00
4.874885152122092613e+00
5.849862182546511136e+00
6.824839212970929658e+00
7.799816243395348181e+00
8.774793273819767592e+00
9.749770304244185226e+00
1.072474733466860286e+01
1.169972436509302227e+01
1.267470139551744168e+01
1.364967842594185932e+01
1.462465545636627695e+01
1.559963248679069636e+01
1.657460951721511577e+01
1.754958654763953518e+01
1.852456357806395104e+01
1.949954060848837045e+01
2.047451763891278986e+01
2.144949466933720572e+01
2.242447169976162513e+01
2.339944873018604454e+01
2.437442576061046395e+01
2.534940279103488336e+01
2.632437982145929922e+01
2.729935685188371863e+01
2.827433388230813804e+01
