-2.500000000000000139e-02
-2.330000000000000127e-02
-2.160000000000000114e-02
-1.980000000000000163e-02
-1.810000000000000150e-02
-1.640000000000000138e-02
-1.469999999999999953e-02
-1.290000000000000001e-02
-1.119999999999999989e-02
-9.499999999999999764e-03
-7.799999999999999642e-03
-6.000000000000000125e-03
-4.300000000000000003e-03
-2.599999999999999881e-03
-8.999999999999999754e-04
8.999999999999999754e-04
2.599999999999999881e-03
4.300000000000000003e-03
6.000000000000000125e-03
7.799999999999999642e-03
9.499999999999999764e-03
1.119999999999999989e-02
1.290000000000000001e-02
1.469999999999999953e-02
1.640000000000000138e-02
1.810000000000000150e-02
1.980000000000000163e-02
2.160000000000000114e-02
2.330000000000000127e-02
2.500000000000000139e-02
