0.000000000000000000e+00
1.745329251994329200e-01
3.490658503988658401e-01
5.235987755982987046e-01
6.981317007977316802e-01
8.726646259971646558e-01
1.047197551196597409e+00
1.221730476396030385e+00
1.396263401595463360e+00
1.570796326794896336e+00
1.745329251994329312e+00
1.919862177193762065e+00
2.094395102393194819e+00
2.268928027592628016e+00
2.443460952792060770e+00
2.617993877991493967e+00
2.792526803190926721e+00
2.967059728390359474e+00
3.141592653589792672e+00
3.316125578789225425e+00
3.490658503988658623e+00
3.665191429188091377e+00
3.839724354387524130e+00
4.014257279586956884e+00
4.188790204786389637e+00
4.363323129985823279e+00
4.537856055185256032e+00
4.712388980384688786e+00
4.886921905584121539e+00
5.061454830783554293e+00
5.235987755982987935e+00
5.410520681182420688e+00
5.585053606381853442e+00
5.759586531581286195e+00
5.934119456780718949e+00
6.108652381980152590e+00
6.283185307179585344e+00
6.457718232379018097e+00
6.632251157578450851e+00
6.806784082777883604e+00
6.981317007977317246e+00
7.155849933176750000e+00
7.330382858376182753e+00
7.504915783575615507e+00
7.679448708775048260e+00
7.853981633974481014e+00
8.028514559173913767e+00
8.203047484373346521e+00
8.377580409572779274e+00
8.552113334772213804e+00
8.726646259971646558e+00
8.901179185171079311e+00
9.075712110370512065e+00
9.250245035569944818e+00
9.424777960769377572e+00
9.599310885968810325e+00
9.773843811168243079e+00
9.948376736367675832e+00
1.012290966156710859e+01
1.029744258676654312e+01
1.047197551196597587e+01
1.064650843716540862e+01
1.082104136236484138e+01
1.099557428756427413e+01
1.117010721276370688e+01
1.134464013796313964e+01
1.151917306316257239e+01
1.169370598836200514e+01
1.186823891356143790e+01
1.204277183876087065e+01
1.221730476396030518e+01
1.239183768915973793e+01
1.256637061435917069e+01
1.274090353955860344e+01
1.291543646475803619e+01
1.308996938995746895e+01
1.326450231515690170e+01
1.343903524035633446e+01
1.361356816555576721e+01
1.378810109075519996e+01
1.396263401595463449e+01
1.413716694115406725e+01
1.431169986635350000e+01
1.448623279155293275e+01
1.466076571675236551e+01
1.483529864195179826e+01
1.500983156715123101e+01
1.518436449235066377e+01
1.535889741755009652e+01
1.553343034274952927e+01
1.570796326794896203e+01
1.588249619314839656e+01
1.605702911834782753e+01
1.623156204354726029e+01
1.640609496874669304e+01
1.658062789394612579e+01
1.675516081914555855e+01
1.692969374434499485e+01
1.710422666954442761e+01
1.727875959474386036e+01
