-1.000000000000000021e-02
-9.299999999999999239e-03
-8.600000000000000006e-03
-7.900000000000000772e-03
-7.199999999999999803e-03
-6.599999999999999964e-03
-5.899999999999999863e-03
-5.199999999999999761e-03
-4.499999999999999660e-03
-3.799999999999999992e-03
-3.099999999999999891e-03
-2.399999999999999790e-03
-1.699999999999999905e-03
-1.000000000000000021e-03
-2.999999999999999737e-04
2.999999999999999737e-04
1.000000000000000021e-03
1.699999999999999905e-03
2.399999999999999790e-03
3.099999999999999891e-03
3.799999999999999992e-03
4.499999999999999660e-03
5.199999999999999761e-03
5.899999999999999863e-03
6.599999999999999964e-03
7.199999999999999803e-03
7.900000000000000772e-03
8.600000000000000006e-03
9.299999999999999239e-03
1.000000000000000021e-02
