0.	0.	0.	0.	0.	0.	0.	0.	0.	0.	0.	0.	0.	0.	0.	0.	0.	0.	0.	0.	0.	0.	0.	0.	0.	0.	0.	0.	0.
0.0010964727015900227	0.0014812054501734985	0.002007214872637039	0.0027021305877244777	0.003587066889593157	0.004670923635441399	0.005944918557043637	0.0073784970717887515	0.008917719535682725	0.010486928225002416	0.011993978531081294	0.013338674622862527	0.014423406957906152	0.015164487058756445	0.015502431558040966	0.015409530464219697	0.01489343667969835	0.013996171201082572	0.012788710669199451	0.011362071320582852	0.009816356820287845	0.008249516749236739	0.006747492115761193	0.005377066326531583	0.004182156644060849	0.0031836217842924988	0.0023820579418361615	0.0017626222958896157	0.0013007342307850668
0.004310471194081166	0.005821407136170169	0.007888358302801025	0.010620484044729721	0.014101409322681283	0.018366709898403763	0.023382280006794147	0.029028114820673148	0.03509186714768968	0.04127536053229307	0.04721519716569717	0.05251604806889922	0.05679266722897999	0.0597146787468109	0.061047230235573235	0.06068090704961537	0.05864592788649735	0.05510820932700561	0.05034796949614663	0.04472447955356624	0.03863278292024785	0.0324592777142935	0.02654281041880257	0.021146477615154275	0.016443041139259786	0.012514242223040728	0.009361915047878682	0.006927091498151662	0.00511254243033704
0.009421026485972104	0.012717637751456196	0.017231765740764633	0.023203981403879626	0.03081934198211197	0.040157777628225214	0.051146301361057765	0.06352305457092461	0.07682283953971583	0.09039120495179638	0.10342964385765412	0.11506882432154526	0.12446113582149955	0.13087942795703028	0.13380666614247708	0.13300194253727912	0.12853179525968553	0.1207615228456808	0.1103079753899897	0.09796179342211217	0.08459196486794039	0.07104793405849166	0.05807394233207869	0.04624705761891241	0.035945275573595746	0.02734628442048219	0.020452206808600257	0.015131880444192407	0.011170600206651728
0.016077113066041378	0.021688693447999906	0.02938343962958153	0.03957671323588508	0.05258987574885493	0.06856463989511166	0.08738027180005506	0.10859098868517801	0.1314003232939337	0.15468479003105312	0.17707139190987062	0.19706373278526654	0.21320170304304217	0.2242320444808984	0.22926333663847567	0.2278801536171303	0.22019723836170074	0.20684448173535466	0.18888526471648762	0.16768199904807923	0.14473118266365256	0.12149437280232797	0.09925048104124491	0.07898919978932432	0.061356521982655586	0.04665327905510881	0.03487847557157502	0.0258027222160547	0.019054279662139344
0.023822241134074357	0.03210898194075429	0.0434928564908933	0.0585986920093514	0.07791351348083936	0.10165772079786715	0.12965996854603504	0.16126195456435444	0.19527856455738382	0.23003219192667046	0.2634683006738206	0.29334451616057294	0.31747067276250956	0.33396559314135454	0.3414906369781187	0.3394218094047032	0.327931471011951	0.30796567770715416	0.28112104270337607	0.24944205013652257	0.21517259393686555	0.180501645730029	0.14734142637377293	0.1171678920471906	0.09093994432166563	0.06909854952058478	0.051633140220232576	0.03819293962097263	0.02821672051248667
0.03212639355817044	0.04325250932489149	0.0585725498283693	0.07894495965977294	0.10504496956929227	0.1371876233350496	0.17515489036054252	0.2180630583419926	0.26430575536385315	0.31159891071307066	0.3571377865739904	0.3978557509672145	0.4307538554031898	0.4532540340387186	0.46352071856580496	0.4606980208025321	0.44502237020207486	0.41779127637940305	0.38119359278712167	0.3380302763970948	0.2913723755184049	0.2442114405902382	0.1991553122949475	0.15821030933801167	0.12267221253191282	0.09312731351575794	0.06954573846471337	0.05143588112966789	0.03802324669885377
0.0404230347501374	0.05434389207605239	0.07356729940158761	0.09919759455618479	0.13211283184995837	0.17273712602086716	0.2208166687908317	0.2752463102765072	0.333992777436584	0.3941491086759219	0.45213399941426813	0.504023205201646	0.5459732857965454	0.5746767533424215	0.5877770989066508	0.584175129755944	0.5641745098402683	0.529441392885154	0.4827851356166372	0.42779775007010895	0.3684127896257778	0.30845522756353255	0.25125086791988455	0.19934817832995763	0.15438109549228368	0.11707390071969151	0.08736456664472689	0.06460577401439843	0.04779589976337309
0.04814855212800611	0.06461278657528927	0.08742808909984055	0.11794426610683749	0.15724803395461637	0.2058847348944063	0.26358222889162775	0.32903475921558617	0.3998040124179706	0.472380711740402	0.5424244797814	0.6051668744262331	0.6559291809912067	0.690680087790093	0.7065450555174501	0.7021826700777636	0.6779635467264068	0.635920704728187	0.5794800591977868	0.5130176318393715	0.4413185010413122	0.36902583352780327	0.30016441344888	0.23780346933539537	0.1838933762817823	0.13927675327083403	0.10384404876134809	0.07678271783780402	0.05686092660770115
0.054781323516923955	0.073347878527373	0.09918564616367727	0.13387652717406	0.1787123835284722	0.23436881292098768	0.3005782553447406	0.37587086519262536	0.4574514798478894	0.5412650246554609	0.6222725093889618	0.6949208016659872	0.7537495831150626	0.7940471526919718	0.8124506093926708	0.8073898357477575	0.7792986837046546	0.7305563858367028	0.6651694847640621	0.5882497000659285	0.5053768844305234	0.42195187571640796	0.34263908200204946	0.2709750585101878	0.20918309491379644	0.15819331851154078	0.11783175629671395	0.08711723669061112	0.06459584843641189
0.059877627936331924	0.0799466069529272	0.1080184023485389	0.14588103169341526	0.19501838043483355	0.256241264836982	0.3293134475686608	0.4126509080015904	0.5031733499317214	0.596369197997196	0.6866009916072177	0.7676333397047428	0.8333196201114127	0.8783467475033601	0.8989183497783511	0.8932608569584113	0.8618644028806163	0.8074159826048176	0.7344367107554705	0.6486869565943483	0.556441828257195	0.4637572547498695	0.3758408141890462	0.29661393607733433	0.2285100982591964	0.17250695269202704	0.12834901566624776	0.09488983935316975	0.07047276397249201
0.06310185006793297	0.08395709638287252	0.11331009905582368	0.15311734974729238	0.20503212895197992	0.27000042781357114	0.3478458015358393	0.4369301048290495	0.5339788512435102	0.6341409688252438	0.7313148604480828	0.8187227406856127	0.88966360082525	0.9383334359852635	0.9605796827899497	0.954461004922195	0.9205139813473019	0.8616790953193392	0.782899275664117	0.6904623040681821	0.5912015284739865	0.4916888850522402	0.39754692441277506	0.3129752580478826	0.2405395029428121	0.18121846829239635	0.13465947820468305	0.09956138246038754	0.07409481208548115
0.06424883602474724	0.0851093164954364	0.11469296943387369	0.15507695177570302	0.20805227507364704	0.274694181154845	0.3549137905548105	0.4470849850412154	0.5478437326003978	0.6521374772102574	0.7535616057033537	0.8449657460112664	0.9192560913861326	0.9702739145962981	0.9936061547977064	0.9871880045004653	0.9515902715420026	0.8899396133578081	0.8074860978578757	0.7108958149305675	0.6073931002396988	0.5038978426830681	0.40629479089311415	0.31893705936200734	0.24443393970460284	0.1837159995417428	0.13632083782988946	0.10081066694983927	0.07522320182546381
0.0632568252511233	0.08333325681352209	0.11207343663198582	0.15161922125365448	0.20385950661664862	0.269986263293856	0.3500226728060618	0.4424223363301649	0.543843600220925	0.6491834970260992	0.7519134150913944	0.844701039402784	0.9202425471269198	0.9721793711882464	0.9959471557471276	0.9894082684735663	0.9531537719890352	0.8904195827099713	0.8066322128204231	0.7086668454825343	0.6039501679516559	0.49956210435363885	0.40148082675243885	0.3140776302503564	0.2399122588786496	0.17981831743176757	0.133216053821586	0.09855659784980127	0.07379289181919324
0.060210063058201015	0.07876281719262705	0.10563848223118849	0.14298193146555713	0.19273314189991364	0.256181222482238	0.33348008154646064	0.4232274880821987	0.5222164203604899	0.6254489009147369	0.7264593417000795	0.8179347547486859	0.8925557113393395	0.9439293774152436	0.9674572433965591	0.9609832774956389	0.9251037747070441	0.8630813048611452	0.7803788023957643	0.6839000052353558	0.5810738871453758	0.4789428176677947	0.3834030982902497	0.2987062740107529	0.22727061216334765	0.16978853369803806	0.1255618415682673	0.09296331626624013	0.06991581215592173
0.05533094174204929	0.07172513683758983	0.09584219267674804	0.12976537044592365	0.17543355590898677	0.23420617717607403	0.30637839307626036	0.39074862479048694	0.48435002201237226	0.5824403031105091	0.6788015932316404	0.7663413734599402	0.8379204876628266	0.887279604002298	0.9099051854332508	0.9036782556576433	0.8691850285417009	0.8096306114201514	0.7303721625779674	0.6381594267775695	0.5402227225906794	0.4433702966115726	0.35324464199655614	0.27384525227615764	0.2073643558206252	0.15431714504167898	0.11389376741518409	0.08442791393661558	0.06387141211833672
0.0489622778183763	0.06271612011764176	0.08337338050952163	0.11289112451182426	0.15315150404737138	0.20555045643135716	0.27052485691420786	0.3471179794630418	0.4326952432613195	0.5229072820624215	0.6119560794990611	0.6931598732289947	0.7597469466329299	0.8057528670043188	0.8268641563815097	0.8210525980265618	0.788879488017381	0.7334110764108771	0.6597615790844857	0.5743515878201393	0.48402149009148865	0.39516049300914197	0.3129983961251037	0.24116394352944698	0.1815518408627241	0.13447546332305302	0.09902891506776924	0.07355157237429906	0.05608522915931467
0.041541046493736244	0.0523639063463206	0.06910651369454379	0.09353827708929646	0.1274276687231247	0.17216699953377926	0.22832393040618487	0.2952148648141429	0.37061015121512886	0.4506690156510909	0.5301633897847015	0.6029915885272852	0.6629181146911333	0.7044202610630279	0.7234898993386678	0.7182388457067921	0.6891898561789849	0.6391957153062802	0.5730024642866636	0.4965427224586332	0.4160953306132435	0.3374671668748846	0.2653384886190824	0.20286941676007297	0.1516037409783792	0.11164250961099932	0.0820086543646632	0.061096143551483635	0.047097035877693975
0.03356551615862051	0.041382900901271225	0.054039370347263284	0.07306136569810373	0.10004778845260044	0.13634197513413376	0.18261942295355338	0.23847929208952204	0.3021451982206585	0.3703722425350017	0.43862203603054234	0.5015123820292243	0.5534857350904543	0.5895859932203957	0.606200642266935	0.6016239496429665	0.5763283942286809	0.5328891532006627	0.47557704328495537	0.4097022760596348	0.3408390948365631	0.27407915970114244	0.21344613934430381	0.16156053928988154	0.11958389113159064	0.08741028782449455	0.06402543893153853	0.04792923209898589	0.03752087665250787
0.025558209655637803	0.030521668405869614	0.03922178650205753	0.05289571696315709	0.07292041394054917	0.10054124073230755	0.13650672319431012	0.1806881758714035	0.23178301096890183	0.28719583580886415	0.34316071461697084	0.39511711841354963	0.43829295715538547	0.4683954810526088	0.48227861869775285	0.47845259504840876	0.4573303270903631	0.4211588290892579	0.37365008271801	0.31938855380790526	0.26313675286201316	0.20917574085379664	0.1608014399827989	0.12005516739282682	0.08770957323351163	0.06347384944464593	0.04633869936584066	0.03496166582065912	0.027999898427450924
0.018027424843477604	0.020508445595010565	0.02568051772883883	0.03445668743821376	0.04794556250353466	0.06724384075249062	0.0931274133954575	0.12570858862636847	0.1641494419787899	0.2065207253428267	0.24987019779219613	0.29051867629970546	0.3245474622946588	0.3483910904215444	0.35941795040637226	0.3563772388030445	0.3396159163640625	0.31101825733522553	0.27368123911753556	0.23139639868087938	0.18804868199996605	0.14705572813817627	0.11095453969537108	0.08120181050773931	0.058200597084396254	0.04151364897030851	0.030185680941635137	0.023081803911089535	0.01915926387411948
0.011430159860942675	0.011998218002357952	0.014345537594843576	0.019039800351640532	0.026883201075373002	0.0387736736942036	0.055459772767672375	0.07724406854753599	0.10371441618854771	0.13358611092145029	0.16471805472729778	0.19432661454679728	0.21937163681796282	0.23704311489277113	0.2452469474775923	0.24298279104801668	0.23052843218554564	0.20938835819661647	0.1820183685005992	0.15138915874616998	0.12048676300274114	0.09185784619576184	0.06729116100052952	0.047688235277046076	0.033127337022877845	0.023078254962120494	0.01669346782611457	0.013091379813022724	0.011560587959004989
0.006139190247132288	0.0055252133864432664	0.005983028598602874	0.007728750954990956	0.011230559512194023	0.01714063246532248	0.02611901196540273	0.03859050251049584	0.054501800826845276	0.0731538485989126	0.09317050092681026	0.11263188982400239	0.12935783889722363	0.14128516925846568	0.14685449674717058	0.14531547611090218	0.13687679600589675	0.12266427810864967	0.10449734272745212	0.08453824749338298	0.06489804201904949	0.047290386909896086	0.03280780866828799	0.021859740427670152	0.014268010534269751	0.00947551267058042	0.006798391499839919	0.00564749536100077	0.005661241842613234
0.0024167491780997486	0.001464295735876727	0.001139884754998013	0.0013177574594323961	0.0021167319644020714	0.003901957968603446	0.007180503552655466	0.012417538936146583	0.01982701504601064	0.029202407491911112	0.03984526208403913	0.05062366779526923	0.06015651189146179	0.06708287314231405	0.07034993516560677	0.06944512354422133	0.06451135299739047	0.05631476444931018	0.04607353997194413	0.03519314565673275	0.024977226636384475	0.016387705849164425	0.009911458427753107	0.0055592596279784336	0.002984926921604631	0.0016797284014181207	0.001178549816298093	0.001214974213364214	0.0017815302174342676
0.00039678176465161006	4.123658503672336e-6	0.00010376704007858726	0.0002537889662837222	0.00022190752940364202	0.00005325789109754137	0.00003782699545447889	0.0005898948196258027	0.0020793620793549423	0.004669961751341303	0.008217424989700082	0.012262290286596401	0.01612284622749674	0.019062652432556962	0.020483732849850566	0.02008808257975598	0.01795919612170044	0.014539165900006474	0.01050822320916448	0.006602815553562074	0.003426487037625964	0.0013094141202890047	0.0002569832187913542	6.982665315681131e-8	0.0001282185980367308	0.000261402557629059	0.00020429020116884404	0.000032574246370210335	0.00008219038239662884
0.00007711887768651074	0.0011341051696290348	0.002881684661305003	0.004602868455799101	0.0057269505488609625	0.005956720176882895	0.005305216722795797	0.0040403899310347295	0.00256325551084318	0.001263105416449486	0.00039693360054395005	0.0000289535326576858	0.000044061297436836036	0.0002237452884183201	0.0003525414558025443	0.000314181981224672	0.0001417568313552769	3.530306884933768e-6	0.00012958907412115962	0.0007062835014024304	0.0017780674099594192	0.0031954301277777883	0.004633170749310039	0.005679784006247746	0.005973775819209636	0.005344543043933148	0.003910293948059244	0.002095595181239749	0.0005539221483488099
0.0013221852459887483	0.004646197471818421	0.009198789376225022	0.014043015582242477	0.018297031078219225	0.021311615464244676	0.02277113324837362	0.02270323426727946	0.021408776310165672	0.0193435467327201	0.016991900042844874	0.0147678737667522	0.012964359785237987	0.011751333363892313	0.011206918221212742	0.011355941566628185	0.01219226601325526	0.01367235225013755	0.01568360967966681	0.01800580183297815	0.020291247480071925	0.022086501744069637	0.022905066499198743	0.022341625895555384	0.020199851367454186	0.016594740608353812	0.011991419320611601	0.007156267410717939	0.003019788320942069
0.003876074643097186	0.010151531017363404	0.01851765352674068	0.027884570375384287	0.037100721711429564	0.04516939267376809	0.051406352036121296	0.055512222384807026	0.0575575855411968	0.05790021277838498	0.05706652136784919	0.05563093363756252	0.05411852248726831	0.05294243054030411	0.052373662364456126	0.0525318874562818	0.053384475073857796	0.05474655456594136	0.05628416848447433	0.05753081120863103	0.057930483739803	0.056915627397095984	0.05401673887952433	0.048985890799576895	0.04190423278303945	0.03323910701723186	0.02382281899517415	0.014742047922052172	0.007150386789663838
0.007385047766198908	0.01711075945941625	0.030076851835171375	0.0451167476831233	0.060863577946827965	0.07599271064169275	0.08942639996789935	0.10046429846719777	0.10882540368685759	0.11460878982174946	0.11819643863377058	0.12012839894315504	0.12097834788117885	0.12124915968947614	0.12129758939253354	0.12128874302278526	0.12117711093318102	0.1207116645676053	0.11946576948657309	0.11689519623169357	0.11242640155788924	0.1055712551836553	0.09605464231264574	0.08393119455533285	0.06966116553855296	0.05411700296831575	0.0385031539009401	0.024190666352788114	0.012490755187547912
0.011427793017008579	0.024876024671030426	0.042946287004280936	0.06447744025665639	0.08795286708314047	0.11175480962557464	0.13440459427551074	0.15474471691087274	0.17203736328527325	0.18597517309010742	0.19661823996250366	0.20428264968503676	0.20940910524762224	0.21243674814617527	0.2137001506555372	0.21335988167555564	0.21137133547590603	0.20749326390968467	0.20133566075349982	0.19244443362222732	0.1804160330463044	0.16502851948510117	0.14636780166912353	0.12492181461124038	0.10161453010689056	0.07775836248245416	0.05491809521013632	0.03469955272685812	0.01849709217502823
0.015551187850035219	0.03274155520812596	0.05609547750286534	0.08454164848739443	0.11648796268506613	0.1500729049255163	0.18342858875751425	0.21490600875572907	0.2432278527340219	0.26755396538334436	0.28746387499604215	0.3028754218572299	0.31392630721925885	0.32084643733978707	0.32384504746940573	0.32303020322471016	0.3183714443734739	0.30971008768360425	0.29681597306601537	0.27948354706573336	0.257653629625234	0.23154037334167407	0.20173731393573763	0.1692743527279406	0.1356013075481104	0.10248449711069585	0.07181985737627948	0.045386214816763415	0.024580633179608607
0.019308856996712403	0.03999924758483928	0.06847006193166506	0.10382256435697701	0.14446912321191066	0.18836696245779255	0.23329042418655369	0.2770894345356311	0.31789230183085543	0.35422836925801615	0.3850653766215356	0.40977318455996325	0.4280368557911086	0.4397469880453129	0.4448943559555987	0.4434909951332843	0.4355326202837067	0.42100904909927933	0.39996080584045574	0.3725716505720156	0.3392788517762015	0.30087658128373107	0.25858440452647946	0.2140542970260208	0.16929727933741884	0.1265246722099079	0.08791732840761772	0.055355306482923465	0.030155455119783136
0.022299575286951596	0.045995164931308556	0.07907112649156785	0.1208783957891578	0.16991605353446593	0.22403344680388476	0.2806978103853054	0.33727478773853875	0.3912749800431782	0.44053388290892226	0.48331083024307964	0.5183103702281596	0.5446433408428558	0.5617529433188464	0.5693330494570596	0.5672627407080143	0.5555741269477148	0.534461331637199	0.5043284694012438	0.4658646228904411	0.4201254371361405	0.3685953994253329	0.3132036947575534	0.2562710136354408	0.2003753368307827	0.14814058901846983	0.10197055728770317	0.06376758789763876	0.03468664874170187
0.0242025296077278	0.05018275904762264	0.08703168661712611	0.13441752889866027	0.19100688509859237	0.2546225443245504	0.3224928832100799	0.39154249498475435	0.4586745018355574	0.5210053738841468	0.5760292670923759	0.6217065297056992	0.6564863228599254	0.6792836608955957	0.6894355631828697	0.6866596196256063	0.6710322530341396	0.6429948656352312	0.6033856015650909	0.5534843719817166	0.4950508073047139	0.4303305902201214	0.3620066126782365	0.29307838725580093	0.22666583665887527	0.16575027888417374	0.11288296896167875	0.06990577337322339	0.037735214647961375
0.02480664120195951	0.05216879286659497	0.09168477035899322	0.14339464535496	0.206208082835689	0.2780070184164824	0.3558640847975592	0.43633107073998967	0.5157475185892475	0.5905255606937643	0.6573802855318978	0.7134913288953525	0.7565970532729221	0.7850345910064758	0.7977454375728912	0.7942668575941421	0.7747248370577917	0.7398362102247616	0.6909178372393117	0.6298914105720019	0.5592656735369695	0.482075349941022	0.4017591172536167	0.3219678529803432	0.24630819057361672	0.17804285091201422	0.11978474482946032	0.0732324072318363	0.0389962218142637
0.024031548097278952	0.05174840342923516	0.09261806045112277	0.14709093535099868	0.2143862881589178	0.29253130282354894	0.37853715772857716	0.46867317860096197	0.5587911074118995	0.644652769080434	0.7222238635410781	0.7879107833678579	0.838732411884603	0.8724315024192633	0.8875382572837679	0.8834012750014372	0.8601984678300316	0.8189342549360549	0.76142126545897	0.6902372028325985	0.6086426158624964	0.52044482480267	0.4297981720677235	0.3409409464737032	0.2578833563317413	0.18407605328728363	0.1221013281537482	0.07343540126656344	0.03832720409112347
0.02193843003994906	0.04892647198619854	0.0897109208478705	0.145172549250032	0.21489422149783535	0.29713063667239	0.38893249502271915	0.48639483563103736	0.5849856346318857	0.6799070737177428	0.7664470088888354	0.8402892679055222	0.8977649401015854	0.936039420398651	0.9532391491536131	0.9485264356211255	0.9221305295839605	0.8753392661494535	0.8104500612025513	0.7306739477205131	0.6399838751436087	0.5429001770303762	0.4442126732263528	0.3486497407682013	0.2605180604496008	0.1833496767270212	0.11960195982507363	0.07045767551402625	0.0357644345678213
0.01872958769331128	0.04392341174176872	0.08315080817341286	0.1377228465616844	0.20762442537744907	0.291411932061391	0.38627819141702485	0.4882645751780715	0.5925823190705368	0.6939965043793699	0.7872265689130579	0.8673245671185166	0.9300036196492492	0.9719008460068356	0.9907689163986483	0.9855966072582534	0.956661055579603	0.905513562235806	0.8348983978590491	0.7486021013783394	0.6512311113993293	0.5479195335119441	0.4439767498630203	0.34449554487099826	0.25395337521973077	0.17584938282624407	0.11242446346664925	0.06450841826437619	0.031525567530127266
0.014736513105517561	0.037164579007067065	0.07342747358490734	0.1252457404239466	0.1930267225590555	0.2756905192765381	0.3706709474899301	0.47408253644369525	0.5810231737612812	0.6859687268166788	0.7832114851323299	0.8672973994776185	0.9334253579608608	0.9777822122389471	0.997797314292844	0.992308163320066	0.961633712020703	0.9075543537719983	0.8331988234738377	0.742839809689814	0.6416035009067371	0.5351044849701471	0.4290263572389841	0.32867889923141314	0.23857257184219435	0.16205748102465295	0.1010740908283303	0.056054749557838714	0.025998111760666468
0.010397051891328649	0.029253690374769506	0.061304898583436004	0.10863938579939075	0.17208765871798487	0.2509797801267668	0.34308032137875627	0.4447032585813475	0.5509852698296935	0.656278284604644	0.7546128086076124	0.8401821714394607	0.9078026845473697	0.9533132464006996	0.9738877518376499	0.9682428155185948	0.9367308853697092	0.8813147476971722	0.8054244920247269	0.7137033053684764	0.6116550508343217	0.5052148726921468	0.4002736968296571	0.30219704118438856	0.21538583235745565	0.14292937811198317	0.08639600743674779	0.04579394939917291	0.01971423551780242
0.006223096003575393	0.020931797675514768	0.047772479773686274	0.089141488973342	0.1462727410494093	0.2189337698820002	0.3052954863722175	0.40199019620912696	0.504346057546583	0.6067647976357364	0.7031955676019609	0.7876518732081347	0.8547196196884311	0.9000105395491155	0.9205244227176829	0.9148937628033313	0.8834944180643611	0.8284152501826593	0.7532886481807208	0.6629929105800788	0.5632471015821956	0.4601291595922682	0.3595579902859592	0.266788428440656	0.18597225624360642	0.11983674079786552	0.06952282457297518	0.034607803715537656	0.01331342185779824
0.002760999711985922	0.013024460703326385	0.033978469567475085	0.06824949013852122	0.1174348026769634	0.1817460453039892	0.2598173984954216	0.34870436270112165	0.4440715052517661	0.5405431340947707	0.6321727359910716	0.7129766454918338	0.7774746487217151	0.8211838404717982	0.8410201901926665	0.8355731342901324	0.8052306604598688	0.7521449351826464	0.6800411888502216	0.5938852216415685	0.49943736111165327	0.4027324388919685	0.3095352478611547	0.22482738406966934	0.15238245076542592	0.09448069046397477	0.051800342472369434	0.023501929786942898	0.007495429694330806
0.000547523266183584	0.006380676751201466	0.021149992625215098	0.04762065302994846	0.0876941519657728	0.14201085232157207	0.20970286877660121	0.28833377410213834	0.37403375112269827	0.4618121491807886	0.5460077046425632	0.6208221953993928	0.6808767516454296	0.7217308613369954	0.7403109347644237	0.7352064567803066	0.7068056884966886	0.6572583285125231	0.5902685818415453	0.5107379669328438	0.42429212071117905	0.3367387822789888	0.2535136476879263	0.1791752305172909	0.11700766587368314	0.06878043458306085	0.03469624117646549	0.01353407793981368	0.0029667925552619694
0.00006452981382008736	0.0018078152684666625	0.010504994040878603	0.028958565604047058	0.05929814619999169	0.10255539037230897	0.1583702327383631	0.22487422768722887	0.2987694967291033	0.37559376469330186	0.45013743092714054	0.5169605052842986	0.5709471209244843	0.6078333269270816	0.6246491372799173	0.6200269086333949	0.5943433838161833	0.5496805630368884	0.4896094773754222	0.4188195577666856	0.34263320902951494	0.2664588794858761	0.19524471636788987	0.13299720239986904	0.08242373721454381	0.04474449271970336	0.01969772968582079	0.005736282963245237	0.0003846522750937256
0.0016958585002103987	7.208257278473392e-6	0.0031621610775895643	0.013893606364013593	0.03446932764655569	0.06625388681988131	0.10937890255032279	0.1625751630907807	0.22319421362982916	0.2874186065994689	0.35063344750800013	0.4079107874261305	0.45454507284160306	0.4865731298847317	0.5012157160950198	0.4971883360611634	0.47484511065650364	0.4361391027240598	0.384403665971501	0.3239801246897085	0.25973543746502326	0.19652748769941913	0.1386834476879671	0.08955676698677685	0.0512198907180296	0.02433297123916726	0.008205047458568775	0.0010362931692603655	0.00030203010313166207
0.0056897485867565736	0.0015151288248694394	0.00005514142022261688	0.003865487122493271	0.01525216828337873	0.03583554996256091	0.06619691275985623	0.10566670053971329	0.1522901285658007	0.20297786954869784	0.2538218684070432	0.3005330214140702	0.3389413988926613	0.3654924297372684	0.37767421828552694	0.37432106018743627	0.3557546137553442	0.323744928545384	0.28129623646230756	0.23228457777173986	0.18099349589239877	0.1316078810472568	0.08773261258064613	0.05200058881674627	0.025823603248467247	0.009320089215856116	0.001428141978787742	0.00018389192330099292	0.0031186556846867935
0.012129893856768922	0.006653638829768379	0.0018572302554921575	0.000015999236452944085	0.003368721525554861	0.013699024438392939	0.031971485875781615	0.05808529005218023	0.09078772996583241	0.1277632849454234	0.16588615615981878	0.20159940871051935	0.2313656914479912	0.25212501874584214	0.2616950401864565	0.2590580537912357	0.24449517434317902	0.21954925479776322	0.18682163987076367	0.14963068117162936	0.11157928944463735	0.07609206052010087	0.04598767065338877	0.023148134010148123	0.008333132804847392	0.0011663004751386009	0.00029378177423920515	0.0036875246534345137	0.009041198054903778
0.020917677898323446	0.015495211969870654	0.008922118511805152	0.0030995559412705254	0.00009304967297576006	0.0017457093363125555	0.009317605053496467	0.02321562138346983	0.042861060576845175	0.06671790796831147	0.09247755810078856	0.1173704995518289	0.1385558208876764	0.15352807268644078	0.16047921663678497	0.15856091177332263	0.14800780104399325	0.13010339950553806	0.10699366914752702	0.08137614789890955	0.05611140767113769	0.033815888853336286	0.01649879121845627	0.005299760593016512	0.00036898828782100965	0.000908874786649299	0.005369803784162527	0.011766061353801616	0.01805618320255933
0.03176741007818129	0.027844173275059635	0.021245316818517757	0.013418067118780755	0.006153203785790142	0.0012432177852136795	0.00013856278574872588	0.0036655454863104694	0.011856300864596435	0.023919849332899198	0.03835770585773972	0.05320249406712381	0.06633762561885645	0.07584338469687726	0.08031134257542	0.07907505143767271	0.07231917715709718	0.06104926224762862	0.046927047560868025	0.03199827188144816	0.018357752200717056	0.007807481730835927	0.0015655392833976928	0.0000760971325811201	0.002954518946670215	0.009078718475011899	0.016812166480988246	0.02431959113984303	0.029918073416073422
0.04421549656891775	0.04323689355816176	0.03844955266422789	0.03078516589496201	0.021667840998023234	0.012728429329127076	0.0054905264784218125	0.0010887681640283785	0.00007114404109034882	0.00231908638254725	0.007095917377250958	0.013210315273063192	0.019261018114395175	0.023915357409156405	0.026169384715626	0.02554176811257645	0.022166249759671252	0.016765985681758452	0.010514390126993362	0.004807641922941999	0.000990349735675038	0.00008518801994718771	0.0025778122240261146	0.008299617230370506	0.0164340268119683	0.025649594624769245	0.034339046162645645	0.04092191948177049	0.04415397439167409
0.05764349806534415	0.060961408756301	0.05979586528375211	0.05452292279853185	0.04612237896136806	0.03595711439682618	0.02550043579153355	0.01606713239329382	0.008599337456065776	0.003544221184984192	0.0008403688078789445	7.604618691427348e-6	0.0003152161915635547	0.0009895069063624233	0.0014156079806708765	0.0012912415308112143	0.000700833952039967	0.0000949002871267071	0.00017888514570828777	0.0017341509550341915	0.005408166042928006	0.01151843809299442	0.019913757763750053	0.02992669818041441	0.040434455514625864	0.050023844901613816	0.05723446386815289	0.06083599765247086	0.06008529309517798
0.07131401424600924	0.08009578323606613	0.08422039607775895	0.08349205482771686	0.07838704251794755	0.06990415403523843	0.05934319306042956	0.04806058254054638	0.03725070976960419	0.02779170979373529	0.020177721106703725	0.01454001990975451	0.010740899156594192	0.008510235117556511	0.007587806248875382	0.007835563751270508	0.009292640091464112	0.012159995628263412	0.01671834627080901	0.023199028210631883	0.031639510467405964	0.04176082107759506	0.05290183501879262	0.06403526560983996	0.07387392687489071	0.08105634957997267	0.08438197485998958	0.08305195179579647	0.07686546888870587
0.0844173641820429	0.09956319499751812	0.11039510388320642	0.11615439846829691	0.1167764192456814	0.11281512250474658	0.10528033716662541	0.0954286355358834	0.0845522712679153	0.0738049380540797	0.06409027778909514	0.0560224143182044	0.04995106789319348	0.04603046370799331	0.0443037999826921	0.04477464970706621	0.047443019897422216	0.052295225773255266	0.059250601266600325	0.06808125922447837	0.0783306441293653	0.08926021374796517	0.09985012206424614	0.1088695746939454	0.11501736383161149	0.11711594109386946	0.1143269227130283	0.10634580122819066	0.09353172538699939
0.09612617207139976	0.11820048199458336	0.1368089489275107	0.1506642179304696	0.15914738395151165	0.1623066544547617	0.16075844261505878	0.1555226398101884	0.1478308625814372	0.13894488535079522	0.13001365893206482	0.1219840050194028	0.1155656296727152	0.11123877470232711	0.10928513118879724	0.10982088239296159	0.11281484836918605	0.11808330963279831	0.12526386543114315	0.13378085520233754	0.14282178752669353	0.15134591035049239	0.15814168224011804	0.1619399884750899	0.16157634769676896	0.15618097421142052	0.1453637862230697	0.12935546672504858	0.10906772323492996
0.10565428496611337	0.13483583923655124	0.16186459388085567	0.18498290894909125	0.20302966019306568	0.21550979788793717	0.2225616114330861	0.22484357078780468	0.22337265645959478	0.2193483531834696	0.2139916836838748	0.2084189041323932	0.20355765178448834	0.20010240366104948	0.1984984868540363	0.19894097283221215	0.20137673887550522	0.2055037435134818	0.2107691897283338	0.21637535681526096	0.22130620679195379	0.22438780187495003	0.22439055050502998	0.22017202182990203	0.2108474108351191	0.1959634196712584	0.17564336735217922	0.1506693788839403	0.12247311026333622
0.11231599014195774	0.1483705770521881	0.183984479568941	0.21700997023850013	0.24578103053606784	0.2692476712858115	0.28700887548091586	0.2992558806501153	0.30664991638688927	0.31016420121439786	0.31091905063219977	0.3100328032248112	0.3085022772078726	0.3071172315251652	0.30640607093258193	0.3066062341044833	0.3076526812409266	0.3091809353900324	0.3105456855593898	0.31086008929877806	0.30906278817676547	0.3040180361854848	0.294648961735844	0.28009565847646267	0.2598803578276439	0.23405384360973935	0.2032931022258359	0.16892198852479545	0.1328353375134621
0.11558131767581854	0.15785939830865484	0.20171932625522657	0.24472186974875018	0.2847574401349814	0.320236386950009	0.35018433321681236	0.37424426155229984	0.3926010940303853	0.4058530802040823	0.4148568785283014	0.4205705848150728	0.42391289635609036	0.4256492725140124	0.42630938446124833	0.42613573938334676	0.42506163233062444	0.4227171206174765	0.418463408035481	0.41145739532929926	0.400747822930916	0.38540155115936103	0.3646530715410747	0.33806323311090913	0.30566611152669465	0.2680781005509811	0.22654273123173418	0.18288984059612895	0.13939877796121158
0.1151233101559149	0.16258356463072088	0.2138517574531198	0.26630971880583376	0.31748708413140586	0.3652965327898915	0.4081856031064635	0.44519733418407315	0.47594688462170115	0.5005320907345522	0.5194015621488943	0.533204559830564	0.5426437276817558	0.5483464656325115	0.550765070517458	0.5501110614119294	0.546325991054051	0.5390894206266006	0.5278638947524483	0.5119756914451246	0.4907279150751993	0.46353867288014017	0.43009183417921837	0.3904821790352441	0.34533213945590335	0.29585561255349446	0.24384701377946877	0.19158164083215543	0.1416261922791446
0.11085353996780305	0.1621116258170783	0.2194878686870352	0.28030654298321833	0.3418371105845075	0.4015616385478488	0.45737483779204213	0.5077004206238303	0.5515224749421195	0.5883428900367675	0.6180840052549758	0.6409592122242089	0.6573338092115238	0.6675952044058979	0.6720470084227489	0.6708368462948615	0.6639235968095542	0.6510863858019057	0.6319747109570171	0.6061960026949785	0.5734332400717275	0.5335808154636483	0.48688207431113584	0.4340478132275203	0.3763328332973455	0.3155488009856825	0.2539971688466274	0.19431595803583962	0.13924793351478124
0.10294282044011188	0.1563430541010762	0.21813018022016312	0.2856954235230705	0.35616184953383223	0.42667005258112517	0.4946162037758824	0.557818832398045	0.6146050712956997	0.6638202005596833	0.704774324815879	0.73714601617313	0.7608648074130047	0.775993254115538	0.7826259698837269	0.7808186262460645	0.7705551745128361	0.7517568779186344	0.7243321789120462	0.6882618293115274	0.6437089915930376	0.5911393524852412	0.5314322322200562	0.4659611429273868	0.39662234170417743	0.32579361343724456	0.25621326914946074	0.19078085221784652	0.13229496040924937
0.09182496319290685	0.14553113833691722	0.2097264814882095	0.2819908523918513	0.35942248677352584	0.4389275347924807	0.517484418338581	0.5923535495442427	0.6612159641484255	0.722237548148484	0.7740667076874698	0.8157812169423573	0.8468041674043209	0.8668096803228823	0.8756370587576964	0.873228202998487	0.8595981761801392	0.8348433474683945	0.7991859011544712	0.753047906869854	0.6971428568296685	0.6325680214772201	0.5608778165541091	0.48411745425714514	0.40479830024046765	0.3258021325531096	0.250210896706174	0.1810707670911034	0.12111269934881666
0.07818252067856754	0.13028278131119744	0.1946905375045157	0.26928724430568424	0.35126978527946845	0.4374295820638954	0.5244306185945407	0.6090527685705047	0.6883778652570296	0.7599083898170041	0.8216202722476016	0.8719604870590317	0.9098060174484538	0.9344032111879047	0.9453059135752299	0.9423277024048141	0.9255188009699907	0.8951725015250459	0.8518597710906615	0.7964846618600216	0.7303477560952862	0.6552007588315863	0.5732732401646301	0.487253147135056	0.40020660658023177	0.3154299051950935	0.23623691352617224	0.16569742160798198	0.10635399957557544
0.06291465394777619	0.11153433109256622	0.17389239960164826	0.24827057938648925	0.33208371217976246	0.42213494524544215	0.5148944162168521	0.6067654617598106	0.6943109580934554	0.7744234967550329	0.8444344713750804	0.9021670139765433	0.9459448492634316	0.9745730330257651	0.9873072133288997	0.9838259664612727	0.9642165642142269	0.928978982815695	0.8790468263169336	0.8158178605509584	0.7411817934217203	0.6575295540194391	0.5677273509112557	0.4750408042739416	0.38299976060233004	0.2952027971679156	0.21507112270213355	0.14557308386047277	0.08895079127458558
0.04708850102587407	0.09050417042791487	0.1486180251749368	0.22019148615339362	0.3029665275158308	0.39388482166015754	0.4893543070147535	0.5855266563664092	0.6785548678317738	0.7648093803946562	0.8410416068128421	0.9044936878416003	0.9529611548648338	0.9848202078458371	0.9990332281756839	0.9951451469691397	0.9732799655744971	0.934141821477203	0.8790193831011002	0.8097869392923172	0.728891224451381	0.6393106013132167	0.5444734288116233	0.44812567849510976	0.35414417377417157	0.2663007228317682	0.18799277428957004	0.12196641562619011	0.07006549277171327
0.03187660843368192	0.06862437946271019	0.12049994597196753	0.18680057102344247	0.26568885192411895	0.3543656265427575	0.4493124558585296	0.5465683846815672	0.6420083538272712	0.7315974420672541	0.8116041596100627	0.8787653836228374	0.9304036651583693	0.9645034488432828	0.9797557411832751	0.9755809393850501	0.9521373225148049	0.9103188330490514	0.8517411392189619	0.778710541146455	0.694167020524751	0.6015914721218513	0.5048685086756611	0.40810045805986694	0.3153750812423382	0.23049836092540157	0.15671316612296995	0.09643291608826306	0.05102462626636821
0.018484044740254026	0.04745527255227264	0.09142269199923088	0.15024929481596133	0.22259127434800588	0.30601684719183697	0.39721402598092376	0.4922549228980785	0.5868836599178616	0.6767990809732992	0.7579105608862633	0.8265535333869616	0.8796592505307596	0.9148795478359187	0.9306712866600432	0.926346498071521	0.9020933436024605	0.8589704686553369	0.7988740261343058	0.7244735581803919	0.63911098848244	0.5466569775139828	0.4513213256038751	0.3574190772477934	0.2691010497949999	0.1900657759555681	0.12327785401201226	0.07072374901840912	0.03323839534430439
0.00806966413169044	0.028587885284185308	0.06340845181400065	0.1129620240264539	0.17644698970598793	0.25188903333249313	0.3363053928735474	0.4259457176799278	0.5165778248624427	0.6037878799055727	0.6832693515434931	0.7510818919225898	0.8038685315251761	0.8390259151744568	0.8548268980254238	0.850497299471378	0.826249116542679	0.78327150274098	0.7236791374806395	0.6504161189804321	0.5671130762641595	0.47789650353002894	0.3871527175238713	0.29925425127530103	0.21826335890158022	0.14763452927170428	0.08994407069771733	0.04667828923748095	0.01811106120226045
0.0016665658814888733	0.013540462735500797	0.038489904710380746	0.07748689467844776	0.13029357451529566	0.19546025094086475	0.27043952952161865	0.35179401430567986	0.4354684913878556	0.5170958191308854	0.5923080379458572	0.657029168385961	0.7077323433227274	0.7416500069209577	0.7569309687720055	0.7527416038241195	0.7293104223391951	0.6879159131159177	0.6308176755170374	0.5611311076486292	0.48264707760074127	0.39960058699058915	0.3163966341550562	0.23730707141748114	0.16615851824864086	0.10603721779685972	0.05904071570850641	0.02610696400906618	0.0069477485124529465
0.00010705379529844915	0.003655601330446674	0.01857819465967699	0.0463346771312191	0.08724415024502329	0.14042210534090618	0.2038403045139938	0.274493328534684	0.3486465655832338	0.42213588695531756	0.4906889146449509	0.550240645327968	0.5972210063140082	0.628797450819891	0.6430609701162702	0.6391482790219297	0.6172962382971285	0.5788269740038026	0.5260641021199253	0.462182537567621	0.39099711513401736	0.3166990097239299	0.24355375704950025	0.17558015509543445	0.11623468930771835	0.06813025706642002	0.0328195987533782	0.010671802707321596	0.000863755132968857
0.003957311144504759	4.873502292016006e-6	0.005334552132158877	0.021815814683476306	0.05028969593973888	0.09044854829289863	0.14084017518340974	0.19898731397428862	0.2616021152219448	0.32486812786917424	0.3847593557673586	0.4373665833237598	0.4792043880508252	0.5074769700956084	0.5202861706247113	0.5167701163546513	0.49716549266844745	0.46279048424102	0.41594918377183004	0.3597621051359241	0.29793168815196874	0.23445647465896263	0.17331284456468102	0.11812831652590608	0.07187462167096045	0.03661100328485197	0.013307400775330297	0.001772479384880915	0.0007024913550826758
0.013466563470253202	0.0033074950678586277	0.000054060690214033755	0.00588615232114191	0.02210505129228923	0.048961970234950546	0.08560761168628515	0.1301610117468876	0.1798829475222719	0.2314297803613357	0.281158211135554	0.32544981378970483	0.3610257039526327	0.3852253824317112	0.3962287744426841	0.3932060222796995	0.3763852272202462	0.34703386375541934	0.3073550303067628	0.26030516600680215	0.20934544444203107	0.1581447033128543	0.1102571090698425	0.06880232537711177	0.03617877802343915	0.013840891558025105	0.002167998599227496	0.0004455004506518157	0.006967820299160365
0.028534725768830642	0.013868881204986689	0.0035695013743858224	0.000011538904803220583	0.00487113651803562	0.01891145675388358	0.04188141729549418	0.07253280157988898	0.10874713881666942	0.14775249650554792	0.18640274737439008	0.22148811276753935	0.25004550434550044	0.26963967562905444	0.27859072888784486	0.27612926364746376	0.26246697223010745	0.23877724201054873	0.20708726390052518	0.17008998477248885	0.130890965018063	0.09271141935340016	0.05857404125920344	0.0310019519595846	0.011762522058674974	0.0016861067630629901	0.000584355925703227	0.0072835518943251965	0.019775820435183857
0.04870145828786715	0.03154381976279381	0.016182107594229476	0.005060489161003926	0.00012509385893187927	0.0025775210261077615	0.012728860784288634	0.029966486078035988	0.052831299687009364	0.07919054291283384	0.10648185488476265	0.1319985647972532	0.15318417209725654	0.16790521461698163	0.1746755738213917	0.1728110552062879	0.16250011990726834	0.14478442830971325	0.12145093249591817	0.09484525064781127	0.0676235858388635	0.04246701830755596	0.021787051556829768	0.007454104802998455	0.0005805593568086069	0.0013863963709140376	0.009168133713819906	0.022380902892519997	0.03882988589901158
0.07315825276898762	0.05572752682641861	0.037624496300059485	0.021232475333795808	0.008648471995711572	0.001416135388518486	0.0003432115239422012	0.005421831691380812	0.0158555022011573	0.030183294877404124	0.04648092872071166	0.06261105085119206	0.07649138588691919	0.08634937879719402	0.09093501629746761	0.08966906667391222	0.08271130236535189	0.07094171025426939	0.055856609410700406	0.039390384190071126	0.023681578521884118	0.010808756148231822	0.002526091288171148	0.000030462953713742065	0.003790282152915881	0.01346102978442414	0.02790356772063725	0.045309232910390976	0.06342167971172795
0.10078371206475092	0.08537612819862483	0.06705908806991363	0.04802728826482591	0.030401310198347346	0.015952562805215908	0.005893940702812565	0.0007596159986763896	0.0003836203208901117	0.003973288369485367	0.010261907083357356	0.017716211530986795	0.024769315796150455	0.03004836608538995	0.03256838722689856	0.03186889121444568	0.028077138542054153	0.021890691316483586	0.014481282906492605	0.007331236754345333	0.002021906775334162	6.714726448428417e-8	0.0023521128203666617	0.009616675675491538	0.021663366144094618	0.03765869232511986	0.0561301016571445	0.07512639155884167	0.09245884326210956
0.13020066869246974	0.11905623961264232	0.10311311713854834	0.08425837795774287	0.06450718391473334	0.04573246241633898	0.02943966327349717	0.016613928040424147	0.007654468738758652	0.002397708022828934	0.00021859638663252197	0.000189900513657137	0.0012730382397418121	0.002511588053073688	0.003199837802439515	0.0030032144490296734	0.002014454233127118	0.0007380875595233374	5.28377727388475e-6	0.000830364385385481	0.004228393339622099	0.011019277019626808	0.02164696938789201	0.03604207061196212	0.05355203057611073	0.07295541657093393	0.09256586561136947	0.11041853049838149	0.12451864544561922
0.159852304089953	0.1550214130672034	0.14394899320751392	0.1281103204690924	0.10929110177620005	0.08933421135689627	0.06991003277326938	0.052340337944213305	0.03749477756016601	0.025766671220109498	0.01712275165601718	0.01121140183784016	0.007506843150669043	0.00546328371658282	0.004653324018250175	0.004868616878563916	0.006167244268299577	0.00886060508557431	0.013441804232236574	0.020466482182538125	0.030404680845696204	0.04348771607425991	0.059576329163962286	0.07807509157133152	0.09791299246046498	0.11760165279486827	0.13537150735786485	0.14937389561189704	0.15792503251172313
0.18809308326698745	0.19131140257692567	0.18736646491535652	0.17723773057937434	0.1623688061171262	0.14444255022197636	0.1251585143279172	0.10604384622809071	0.0883199698233525	0.07283629671175045	0.06007077241898976	0.050186888349711876	0.04312917591581874	0.03873493747867626	0.03683934704455583	0.037353873262458204	0.040303659283285144	0.04581715028715382	0.05406982255294453	0.0651921803788602	0.07915912128076721	0.09568231633199198	0.11412865091395195	0.13348558336963134	0.15238851930511108	0.16921645960375833	0.1822512765703036	0.18988447062172503	0.1908449308814383
0.21328919979999986	0.22586860020376748	0.23093089510325399	0.22890022831315032	0.22078272939913665	0.20797977324527314	0.1920835044333631	0.17468553905969164	0.1572232457058943	0.14087865463867694	0.12653462127724915	0.11478305337708565	0.10597220815271444	0.10027520950133081	0.09776048363253642	0.09844669203906842	0.10232946402088317	0.10937394688974882	0.11947482965452952	0.13239287921548853	0.14768301191827607	0.16463251192788605	0.18222850102225716	0.19917082829495736	0.2139403493426179	0.22492374933443146	0.23058580071417786	0.22966975992766817	0.22139826653609235
0.23392241584356122	0.2566647111254064	0.27212013680262964	0.28012565073854595	0.28117680953150825	0.27628698976961386	0.2668109280444637	0.2542619190830926	0.24014794365762834	0.2258446508884817	0.2125140885631421	0.20106900842306902	0.1921749119305453	0.1862767922151538	0.18363536189956203	0.18435848636453805	0.18841718417139985	0.19564112804202216	0.2056950520534987	0.21804369433140441	0.23191776286512225	0.24629596925780173	0.2599177979634841	0.27133817416126116	0.2790288292630553	0.2815227482414232	0.27758883405048956	0.26641541558981113	0.24777509460185446
0.24869074067518238	0.2818298689001431	0.3084811169071498	0.32789173722939613	0.33999976916703706	0.3453447133123893	0.34492749863747096	0.3400462676784589	0.3321329053442934	0.32261007607579845	0.312781197910794	0.3037577942906281	0.2964214570135926	0.2914123439350289	0.28913339099004176	0.2897594391758618	0.2932429701416248	0.29931243417301057	0.30746428833455225	0.3169547631259171	0.32680099935979856	0.3358026946468709	0.3425942401393764	0.34573343656554284	0.3438266428931089	0.33568250935398575	0.3204785556360085	0.2979182618505148	0.26835255803901437
0.25659936613402823	0.29977600139906796	0.33778639457842136	0.36931513882809386	0.3937244845320693	0.41101940975036133	0.4217505211793003	0.4268774189433024	0.4276159421749812	0.42528981683711736	0.4212017832823431	0.416532643069596	0.41227019839448664	0.4091648744013638	0.4077056707845092	0.40810927564773797	0.41031651197793856	0.41399322873797734	0.41853644378799265	0.42309003540323875	0.4265766187958547	0.42775271308915697	0.4252924811226449	0.4179012485813641	0.40445415587426414	0.3841486036273835	0.3566528530920404	0.32222863324706547	0.28180417205680985
0.25703567062237775	0.3093063895930488	0.358180723657452	0.4018359139486652	0.439069847208534	0.46932081882710514	0.4926176774553638	0.5094782329875746	0.520776777963186	0.5276009123540935	0.5311144176757824	0.5324378325248563	0.5325528815352732	0.532232089416026	0.5319915411158553	0.5320632147085883	0.5323835540417738	0.5325965373206264	0.5320717345818996	0.5299399037744016	0.5251497586493372	0.516549056137521	0.5029908070201524	0.4834613569568683	0.45722185093152373	0.423949127473096	0.38385754590176435	0.3377808745266067	0.28719418767570193
0.24982291914687485	0.30970400881359905	0.3683080467411433	0.42338572206043285	0.4732111461560467	0.5166539890243758	0.5531788039854899	0.5827840618177558	0.6058982711735468	0.6232520110778312	0.6357432534431242	0.644309926580787	0.6498193121357215	0.6529796013654917	0.6542755300941239	0.653927899277981	0.6518760378306537	0.6477825669075826	0.6410606538393984	0.6309246279763119	0.616464732334651	0.596745471173057	0.570924315501883	0.5383836807404032	0.49886466912950017	0.4525869833257792	0.40033670928445503	0.3435033691197931	0.28405051659337943
0.23524846649162717	0.300792389883732	0.36741036793340887	0.43252873158492017	0.4939654976510848	0.5500500939660941	0.5996713724692668	0.6422607182884035	0.6777234533870988	0.7063350515920994	0.7286191560697417	0.745222644355287	0.7567998978721706	0.7639148770912528	0.7669663371317859	0.7661390051216983	0.7613819375759667	0.7524144310740306	0.7387593946216867	0.7198035210907815	0.6948824602827636	0.6633872046617537	0.624885026600844	0.5792448358312393	0.5267533733977758	0.46820602748999374	0.40495517012548754	0.3389005440702703	0.2724108740114179
0.21406376530682458	0.28296431289710056	0.35539153634010684	0.4285657756732499	0.49994021636040287	0.5673612316422135	0.6291622199261631	0.6841919677783069	0.731786060013491	0.7716947530251062	0.8039829383326432	0.828917718087756	0.8468573363250181	0.858152493516403	0.8630681110441906	0.8617308733197584	0.8541056118804787	0.8400017774226717	0.8191096667301596	0.7910644232802819	0.755533840644926	0.7123235134835512	0.6614900091489739	0.6034497993220276	0.5390692879044267	0.46972012330216806	0.3972847993731573	0.32410089471407344	0.25283834160510016
0.18745518989844298	0.2571755653882041	0.33284104155214134	0.4115944324699122	0.4906341718836149	0.5674064912660443	0.6397400269827891	0.7059183150121331	0.764693763515402	0.8152527941570034	0.8571455428177218	0.8901949244313581	0.9143993774532556	0.9298418127911197	0.9366147698537305	0.9347690128865457	0.9242900803436223	0.9051047305360503	0.8771167564780232	0.8402691433955322	0.7946269069752192	0.7404721856898825	0.678400448533292	0.6094044043248534	0.5349308919128429	0.45689629033335316	0.37764834973901074	0.29986708170334797	0.22640439424319167
0.15698651730978386	0.22490314369113854	0.30101534693381726	0.38252035815778157	0.46648498371548114	0.5500594814626304	0.6306459800754297	0.7060117756772694	0.7743461568095629	0.8342662970569977	0.8847826466364375	0.9252369784336162	0.9552269895106063	0.9745305072756894	0.9830403939711525	0.9807186140749748	0.9675749791197794	0.9436730079922728	0.9091622371440773	0.8643332179402182	0.8096883971390625	0.7460192341206283	0.6744775151369695	0.5966272885861984	0.5144636161913573	0.4303858944039979	0.3471171448604108	0.2675664672230665	0.19463944250870543
0.12451573633738923	0.18806951655579132	0.26177691740714626	0.34301819387668026	0.4288582144949591	0.5162710699588738	0.6023338110270838	0.6843752165476249	0.7600735147621909	0.827504246822725	0.885145181867485	0.9318489942315404	0.9667962525711434	0.9894413508364892	0.9994627019917887	0.9967261932688097	0.9812679420834124	0.9532990700711296	0.9132317506477959	0.8617223606205993	0.799724368590628	0.7285408694890657	0.6498647356087517	0.5657935961706503	0.47880765193161784	0.3917009972767309	0.30746177306215183	0.2291029198799672	0.15945301343705118
0.09209057260871656	0.14893676614839405	0.21749378358059848	0.2954435164299441	0.3799783157032436	0.468025081648752	0.5564547471416187	0.6422594781496012	0.7226872344230472	0.7953305345776388	0.8581724569942919	0.9095974952967213	0.9483776467308711	0.973645066885907	0.9848620064312857	0.9817968743503659	0.964512516125383	0.9333694837673502	0.8890435340383545	0.8325531137141021	0.765289474304702	0.6890396407575491	0.6059910800852601	0.5187069361538784	0.43006240731173334	0.3431363969953234	0.2610578873509198	0.18681319916386668	0.1230276793520106
0.06182860309754873	0.10997643095448344	0.17090503576118102	0.24270042100646033	0.3228047376324058	0.4082288839883932	0.495767569090596	0.5821965902676668	0.664438313555293	0.7396880892703593	0.8055005963075864	0.8598401868283552	0.9011027666440791	0.928118477770874	0.9401445391792688	0.9368562936319375	0.9183421417552284	0.885104993210521	0.8380695096285162	0.7785911427190033	0.708460165320134	0.6298919372528383	0.5454938991212732	0.45820055939223336	0.3711702127481671	0.28764131514545155	0.21075209391493355	0.14333354433072	0.0876926242025223
0.0357889939606725	0.07372256264301968	0.12495991676551568	0.18807219983686282	0.26086011812414367	0.340544892943715	0.4239786651392977	0.5078526199407393	0.5888859511094819	0.6639847020045274	0.7303655050877774	0.7856444782806535	0.8278954828090735	0.8556843196582914	0.868086214763094	0.8646932776956455	0.8456168017332231	0.8114866973241189	0.763447425218983	0.7031469644463524	0.6327130525647915	0.5547095678308571	0.47206584474671626	0.3879731640641768	0.30574572071216854	0.2286479237951861	0.15969552083685634	0.1014441100855806	0.05578419278423381
0.015843637733154795	0.042616764806990684	0.08264000721877014	0.1350250386048885	0.19802057310981325	0.2691728125634825	0.3455213933539866	0.4238087391645069	0.5006839663684245	0.5728872756605987	0.6374061351177124	0.6915996570328707	0.7332917422016226	0.7608364340262589	0.7731603212732192	0.7697868448002931	0.7508462257813168	0.717072805969266	0.6697893021807657	0.6108752881045428	0.5427155789016481	0.46812351090308096	0.39023469992334325	0.312368886657521	0.2378609417534607	0.1698667306788726	0.11115484873379491	0.06390046897071337	0.02950179501064257
0.0035557407720879903	0.01885471156429625	0.04677526969442343	0.08699652457139316	0.1382806369876533	0.19859561954655885	0.26528794930366245	0.33528363953205637	0.4052979020992431	0.47203695952095787	0.5323800370174182	0.5835342318356354	0.6231591234335272	0.6494611632972949	0.6612598341017237	0.658028261559058	0.6399105849531217	0.6077172514120027	0.5628979069435387	0.5074901614035291	0.44404164651891515	0.3755028332329749	0.30508929975071136	0.23611462967200292	0.17179876391502188	0.11506108421385744	0.06831218572927446	0.033262428323332684	0.010768059641053608
0.00007368197820086303	0.004243789523215423	0.01986533115145235	0.047181923431109614	0.08550717281492225	0.13330472513929018	0.18833002289732476	0.24781417803835043	0.3086700596432904	0.36770260058635984	0.4218086730706436	0.4681558762272972	0.5043334972512256	0.5284722269179483	0.539331590403508	0.5363554036093301	0.5196959798475057	0.49020754092149593	0.4494087012379779	0.3994133913707677	0.3428295739060513	0.2826258945790361	0.22196820164460382	0.1640306764597645	0.11178994370876555	0.06781456041569016	0.03406609231758604	0.011730813296416296	0.0011021073784475363
0.006047233822178319	0.00008105008110939156	0.003917292712119117	0.018331545203273587	0.043197463803528534	0.07752122731252441	0.1195466253036835	0.16691385620427263	0.21685305047635367	0.2663938417472709	0.31257437273723804	0.3526362329012265	0.38419530021053944	0.4053817308269874	0.41494503568731866	0.41232211600296786	0.3976673259988719	0.37184426741778515	0.33637938919061255	0.2933779088906192	0.24540341800579404	0.195324032071615	0.14613021388383368	0.10073237529522465	0.061749778655487426	0.03130565680604299	0.01084621924529585	0.0010026082275750219	0.0015142256650288305
0.021572038757205446	0.007059608760231744	0.000310552637277972	0.002572054552492325	0.014256653713693394	0.034930600150045676	0.06337843262247173	0.09773025445939942	0.1356345105735819	0.17445778953218194	0.2114938682303623	0.24416630004098303	0.2702116979383289	0.287833930383743	0.2958223127802348	0.2936293027569685	0.2814051336259672	0.25998834260613646	0.23085247304835768	0.19601060810564883	0.1578810689707518	0.1191197473258111	0.0824271726620515	0.05034140711665135	0.02503089364085688	0.008103979447836963	0.00045340077219058975	0.0021539279798789743	0.01242910273687705
0.0461666314413813	0.025210042981377228	0.009697649161273145	0.0012632989028481488	0.0008087001255397138	0.008447522403778192	0.023527754826189053	0.0447227483886848	0.07017628935352535	0.09768427382240029	0.12489486497785544	0.14950997973332597	0.16947304694831503	0.18313068795998946	0.1893588666986585	0.18764685577513662	0.17813493040665984	0.16160404335090225	0.13941795406289892	0.11342053928743312	0.0857934422403532	0.05888188942508637	0.03499937019369828	0.016224734300279438	0.004207767308631501	9.803235414470169e-7	0.003935668854069899	0.015558755252215546	0.03364317490999123
0.07878438094571376	0.05388130481639382	0.03194805631441114	0.014900198979480134	0.0040531058048397595	0.000025848501772879693	0.002721806202071692	0.011380712352386498	0.024690635619249085	0.040944279136289494	0.05822196869792607	0.07458352171232026	0.08825243876894559	0.09777808557591713	0.10216432576727046	0.1009561016007918	0.09427854499457394	0.0828262495029044	0.06780334837903011	0.050818068732411084	0.033738499446957684	0.01851939221001157	0.007012777616440791	0.0007777744680327247	0.0009068318659687869	0.007886336337722103	0.021508594974219402	0.04084931242042277	0.06431964770101468
0.11786061035599998	0.09176330025108786	0.0661393167803798	0.043066586543797136	0.024176997975038313	0.010526070962570501	0.0025344045990293384	2.5160157776960395e-8	0.00217371045063398	0.007884142500763362	0.01569652628527673	0.024087020941561354	0.031615692451720245	0.037082346827623035	0.03965216236650035	0.03894117398317484	0.03505511991009091	0.028578772187427295	0.020516537271831486	0.012188764152517637	0.005091758373549818	0.0007328442194854905	0.000454742060551755	0.0052657416910898355	0.01569329828507781	0.03167837244454949	0.05252574509393119	0.07692145788110154	0.10302248566086021
0.1613929622309515	0.13695073321334825	0.11059702359716418	0.08444474108413927	0.06032879773169004	0.03964916826168726	0.023277711681402777	0.011532176737905119	0.004213284965939152	0.0006947232509063082	0.000051640524307124016	0.0012109286250036157	0.0031060472531766327	0.004820165403604151	0.005703607671449781	0.005454683506959873	0.004156645113181043	0.002267523051012777	0.0005637296511308845	0.00004242443799283229	0.0017915218222083092	0.006839673934709358	0.01600131569396739	0.02973360079958518	0.048022451109342626	0.07031367839173974	0.095502003989547	0.12198575488315075	0.14778826401947995
0.20705095311367044	0.18704522798769924	0.16298214160451663	0.1368809601574647	0.11065596089582672	0.08594168707539171	0.0639713589449349	0.04551584454230869	0.030882944846267732	0.0199701502058876	0.012358991087432271	0.007435904042779468	0.004523181754800116	0.003003923414763938	0.0024266860846563483	0.0025784453215860342	0.003518185115170634	0.005567646003414573	0.009260183511794438	0.015253054343331778	0.024212478987023105	0.03668423576922786	0.0529650066207795	0.07299090038890034	0.09625922541775127	0.1217974480338602	0.14818927232002496	0.17366202270017383	0.19623238554827946
0.2523087349858286	0.23929028861869808	0.2204211777410715	0.19750400733758927	0.1724053066689927	0.1468725178236219	0.12239154363835894	0.10009573700038318	0.08072979817396878	0.06466522971415968	0.051958425899167514	0.04243856010459096	0.03581034055948955	0.031756394386714966	0.030025329254474663	0.030494124903771944	0.03319709891006756	0.03831791403862	0.04614559813637757	0.05699997324624316	0.0711358883986659	0.08863885902090779	0.10932679616053775	0.13267314141720862	0.15776566481098098	0.1833123041764204	0.20770076341067206	0.22911242298224593	0.24568393905145805
0.29459348097166976	0.2907314872781572	0.2796719527330289	0.26288993609264116	0.24208053147252986	0.21897735984511477	0.1951977195233891	0.17212809913105723	0.15085689927048218	0.13215449372598534	0.11649492272932344	0.10410909248833865	0.09505664436283189	0.0893027317100426	0.08678669647417549	0.0874718392799775	0.09136879001200447	0.09852904332457152	0.109009605012963	0.12281398674126941	0.13981857693489985	0.15969629414918768	0.181851047622461	0.20537658563303807	0.22905162527493347	0.2513796938138231	0.2706770332434415	0.28520563124498577	0.29334155565272707
0.3314406452874298	0.3383925353448311	0.33731537512379733	0.32926379630944047	0.3156478729198703	0.29806261530112627	0.27812965704592935	0.25736687921550266	0.23709571578312627	0.218389557839281	0.20206085929470044	0.18867984051456066	0.17861451129069603	0.17208026243309948	0.16918748971612116	0.1699774283909633	0.17443929045833295	0.1825055066253792	0.19402595402411182	0.20872603052161715	0.2261568535315855	0.24564830706036606	0.2662767627949345	0.2868588070959802	0.30598009411729354	0.3220645821050465	0.3334841604906575	0.33870255920538334	0.33644113226055383
0.3606466995993874	0.3794566993475532	0.38996182331104084	0.3927262893518938	0.3887777761229157	0.3794566683269215	0.3662632102015841	0.3507195001963292	0.3342583454603152	0.3181453382997761	0.3034349823454005	0.29095693609452783	0.2813249677285394	0.27495929357862176	0.2721126640689814	0.27289174382062326	0.27726772978090103	0.28507338042980285	0.29598723698153234	0.30950932134937303	0.3249355207410272	0.3413397867768929	0.3575738466107954	0.3722931292087665	0.3840150023600793	0.39121134815391395	0.39243233403311345	0.3864525638169691	0.37242534053451004
0.380409866267812	0.4114424676144203	0.4344596258864485	0.4494917038836767	0.45710802405092543	0.45829343210594525	0.4543093821217362	0.44655678324314513	0.43645418498288313	0.425340124014119	0.4144034411244687	0.40464078509331924	0.3968369259240397	0.3915612417004747	0.38917295816743097	0.3898283489560413	0.3934849120987291	0.3999001682953684	0.40862573300815497	0.4190002174842808	0.4301468415706324	0.440982981700721	0.4502489189009969	0.4565616324331871	0.45849662368405963	0.4546966815438982	0.44400164273684056	0.4255882098250434	0.3991044992888037
0.3894498796740808	0.432362492768728	0.46809277608629263	0.49612255756021495	0.5165122790879106	0.529810895717089	0.5369384679434722	0.5390581108394015	0.537451678361479	0.5334098640224889	0.5281431222886688	0.5227155912793223	0.5180006602600277	0.5146543559938721	0.5131015299651296	0.5135299100205014	0.5158882572293445	0.5198868201446276	0.525000588998844	0.5304780637091924	0.5353599156429677	0.5385126629038277	0.5386820268089044	0.534568884895174	0.5249277793688659	0.5086840300378309	0.4850611995494452	0.4537065155839669	0.41479868485261756
0.3870988871857036	0.440855644931174	0.4887554588040599	0.529746363018607	0.5633574500042529	0.5896462944198253	0.6091093528121858	0.6225706139987496	0.6310628859962077	0.6357136006989313	0.6376436134619691	0.6378838220677477	0.6373110976741723	0.6366024806920026	0.6362050789754687	0.6363186779318845	0.6368886105230154	0.6376076688137156	0.6379273980779596	0.6370805834637979	0.6341177157753168	0.6279603731507352	0.6174735636648571	0.6015571090416751	0.5792532139503935	0.5498638465448272	0.513067928373912	0.46902521685312704	0.41845189225203167
0.37335719369684084	0.43628346884732555	0.49509218701786284	0.5482408282945537	0.5947337988301682	0.6341095620053967	0.6663835700151955	0.691960169445347	0.7115271008883481	0.7259449751050399	0.7361416763340587	0.7430186953369147	0.7473734292354486	0.7498390064787872	0.7508414464544919	0.7505730946596719	0.7489811991799583	0.7457710089921288	0.7404235703492847	0.7322291159928254	0.7203372363639728	0.7038246236080903	0.6817799356365153	0.6534032368189036	0.6181147414470082	0.5756645646651316	0.526232383538292	0.4705039212767648	0.4097105895021845
0.3489095787000092	0.4187843615519233	0.48659429072555643	0.5503755704961031	0.6086431970660878	0.6604178960208477	0.7052045196337685	0.7429323803511134	0.7738696930348541	0.7985242738831839	0.8175412816304407	0.8316066180564545	0.8413621502507335	0.8473365925433842	0.8498940453161405	0.8492009387506291	0.8452115058038666	0.8376717421085237	0.8261418702666758	0.8100373234256621	0.7886879221423398	0.7614140433858064	0.7276170631350957	0.6868792772597084	0.6390660901409811	0.5844208480648992	0.5236408256575941	0.4579220152500391	0.3889610400179714
0.31510025055731766	0.38928127361047965	0.46364604253302344	0.5359009452824721	0.6041333762013781	0.6668765230031514	0.7231242551365125	0.7723034386909922	0.8142138070548329	0.8489466285138029	0.8767930995693608	0.8981520971908269	0.9134450277405073	0.9230434976713623	0.9272136667936662	0.926079636550594	0.9196071357182635	0.9076079805647381	0.8897651882830228	0.8656779539363981	0.834924814860926	0.7971420484865797	0.7521126838999717	0.6998595399684294	0.6407337003348208	0.5754881458150443	0.5053253248267805	0.4319077112333647	0.3573222017565741
0.2738670066477139	0.34944152706133463	0.4275167164373899	0.5055777478174315	0.5813692224102663	0.6529939455562782	0.7189633924889953	0.7782037841378878	0.830025364584168	0.8740646146797623	0.910209814193385	0.9385199425106501	0.9591456530765745	0.9722594262416152	0.978000235155542	0.9764364018056908	0.9675488544086766	0.9512357173899486	0.9273379825227733	0.8956848001101151	0.8561555760921661	0.8087545081342425	0.7536914714159296	0.6914614191305938	0.6229129532201487	0.549295778160895	0.4722767548246666	0.39391555135734013	0.31659368430194634
0.2276376983806297	0.3015902714919816	0.38029815976812165	0.4611451122356541	0.5416359747581234	0.6195239168542778	0.6928937187614196	0.7602015373444034	0.8202758861108655	0.8722875233653372	0.9156975582936477	0.9501934511221115	0.9756220450316242	0.9919275455280615	0.9991008098957765	0.9971446006882252	0.9860577480453474	0.9658395021911087	0.9365137275555298	0.8981709509976757	0.8510245885441049	0.7954759639367924	0.7321810534586286	0.6621104688970411	0.5865932018294004	0.5073344884644451	0.4263990079131928	0.34615282170468176	0.26916101279831234
0.1791944899356979	0.24858199806109307	0.32479082277700555	0.40522773613960184	0.4872733430668002	0.5684308642276964	0.6464378167632894	0.719337602146649	0.7855126914037299	0.8436846921573873	0.8928889474238757	0.932432446201031	0.9618439552539128	0.9808245349442285	0.9892053381224688	0.9869179428992452	0.9739806477615953	0.9505022488300706	0.9167028841914372	0.8729496018812194	0.8198024260905766	0.7580649372384853	0.6888318616067223	0.6135251169565253	0.5339093320071315	0.45207841452231406	0.3704063725352006	0.29145849974265176	0.21786312464697702
0.13151350327827338	0.19363719770425752	0.26434442477952774	0.3411873244268108	0.4215438406713535	0.5027801954715905	0.5823851277764633	0.6580697622798728	0.7278317356909919	0.7899861993027085	0.8431692653025123	0.8863212536619043	0.9186578206086347	0.9396368465461317	0.9489279984890341	0.9463904326522303	0.9320622813204018	0.9061635629899012	0.8691120666980164	0.8215496953155803	0.7643748152630451	0.6987744658956555	0.6262490335927162	0.5486213199378925	0.46802210658904864	0.3868454930496731	0.3076695623607174	0.23314134933393027	0.1658294546143371
0.0875891213642235	0.14015353520044416	0.20266233921733892	0.27292666583438374	0.3484427344867826	0.42655960081268784	0.5046290481170682	0.5801287443012579	0.6507543734326573	0.7144805899290355	0.7695939790793478	0.8147035132180545	0.8487352664640736	0.8709184262103967	0.880769088803912	0.8780771132099885	0.8628996355669096	0.8355628809858553	0.7966718229693596	0.7471251879529308	0.6881314388887911	0.6212198772493929	0.5482400498681198	0.4713424235136267	0.3929339912151517	0.3156041723845329	0.24201914041779468	0.17478641989850835	0.11629598397983856