0.000000000000000000e+00
1.110664069450936903e-01
2.221328138901873805e-01
3.331992208352810847e-01
4.442656277803747611e-01
5.553320347254684375e-01
6.663984416705621694e-01
7.774648486156557903e-01
8.885312555607495222e-01
9.995976625058432541e-01
1.110664069450936875e+00
1.221730476396030607e+00
1.332796883341124339e+00
1.443863290286218071e+00
1.554929697231311581e+00
1.665996104176405312e+00
1.777062511121499044e+00
1.888128918066592776e+00
1.999195325011686508e+00
2.110261731956780018e+00
2.221328138901873750e+00
2.332394545846967482e+00
2.443460952792061214e+00
2.554527359737154946e+00
2.665593766682248678e+00
2.776660173627342409e+00
2.887726580572436141e+00
2.998792987517529429e+00
3.109859394462623161e+00
3.220925801407716893e+00
3.331992208352810625e+00
3.443058615297904357e+00
3.554125022242998089e+00
3.665191429188091821e+00
3.776257836133185553e+00
3.887324243078279284e+00
3.998390650023373016e+00
4.109457056968466304e+00
4.220523463913560036e+00
4.331589870858653768e+00
4.442656277803747500e+00
4.553722684748841232e+00
4.664789091693934964e+00
4.775855498639028696e+00
4.886921905584122428e+00
4.997988312529216159e+00
5.109054719474309891e+00
5.220121126419403623e+00
5.331187533364497355e+00
5.442253940309591087e+00
5.553320347254684819e+00
5.664386754199778551e+00
5.775453161144872283e+00
5.886519568089966015e+00
5.997585975035058858e+00
6.108652381980152590e+00
6.219718788925246322e+00
6.330785195870340054e+00
6.441851602815433786e+00
6.552918009760527518e+00
6.663984416705621250e+00
6.775050823650714982e+00
6.886117230595808714e+00
6.997183637540902446e+00
7.108250044485996177e+00
7.219316451431089909e+00
7.330382858376183641e+00
7.441449265321277373e+00
7.552515672266371105e+00
7.663582079211464837e+00
7.774648486156558569e+00
7.885714893101652301e+00
7.996781300046746033e+00
8.107847706991838876e+00
8.218914113936932608e+00
8.329980520882026340e+00
8.441046927827120072e+00
8.552113334772213804e+00
8.663179741717307536e+00
8.774246148662401268e+00
8.885312555607495000e+00
8.996378962552588732e+00
9.107445369497682464e+00
9.218511776442776195e+00
9.329578183387869927e+00
9.440644590332963659e+00
9.551710997278057391e+00
9.662777404223151123e+00
9.773843811168244855e+00
9.884910218113338587e+00
9.995976625058432319e+00
1.010704303200352605e+01
1.021810943894861978e+01
1.032917584589371351e+01
1.044024225283880725e+01
1.055130865978390098e+01
1.066237506672899471e+01
1.077344147367408844e+01
1.088450788061918217e+01
1.099557428756427591e+01
