-1.499999999999999944e-02
-1.469999999999999953e-02
-1.439999999999999961e-02
-1.409999999999999969e-02
-1.379999999999999977e-02
-1.349999999999999985e-02
-1.319999999999999993e-02
-1.290000000000000001e-02
-1.260000000000000009e-02
-1.230000000000000017e-02
-1.200000000000000025e-02
-1.170000000000000033e-02
-1.140000000000000041e-02
-1.110000000000000049e-02
-1.080000000000000057e-02
-1.050000000000000065e-02
-1.020000000000000073e-02
-9.799999999999999684e-03
-9.499999999999999764e-03
-9.199999999999999845e-03
-8.899999999999999925e-03
-8.600000000000000006e-03
-8.300000000000000086e-03
-8.000000000000000167e-03
-7.700000000000000247e-03
-7.400000000000000328e-03
-7.100000000000000408e-03
-6.799999999999999621e-03
-6.499999999999999702e-03
-6.199999999999999782e-03
-5.899999999999999863e-03
-5.599999999999999943e-03
-5.300000000000000024e-03
-5.000000000000000104e-03
-4.700000000000000185e-03
-4.400000000000000265e-03
-4.100000000000000346e-03
-3.799999999999999992e-03
-3.500000000000000073e-03
-3.200000000000000153e-03
-2.899999999999999800e-03
-2.599999999999999881e-03
-2.299999999999999961e-03
-2.000000000000000042e-03
-1.699999999999999905e-03
-1.399999999999999986e-03
-1.100000000000000066e-03
-8.000000000000000383e-04
-5.000000000000000104e-04
-2.000000000000000096e-04
2.000000000000000096e-04
5.000000000000000104e-04
8.000000000000000383e-04
1.100000000000000066e-03
1.399999999999999986e-03
1.699999999999999905e-03
2.000000000000000042e-03
2.299999999999999961e-03
2.599999999999999881e-03
2.899999999999999800e-03
3.200000000000000153e-03
3.500000000000000073e-03
3.799999999999999992e-03
4.100000000000000346e-03
4.400000000000000265e-03
4.700000000000000185e-03
5.000000000000000104e-03
5.300000000000000024e-03
5.599999999999999943e-03
5.899999999999999863e-03
6.199999999999999782e-03
6.499999999999999702e-03
6.799999999999999621e-03
7.100000000000000408e-03
7.400000000000000328e-03
7.700000000000000247e-03
8.000000000000000167e-03
8.300000000000000086e-03
8.600000000000000006e-03
8.899999999999999925e-03
9.199999999999999845e-03
9.499999999999999764e-03
9.799999999999999684e-03
1.020000000000000073e-02
1.050000000000000065e-02
1.080000000000000057e-02
1.110000000000000049e-02
1.140000000000000041e-02
1.170000000000000033e-02
1.200000000000000025e-02
1.230000000000000017e-02
1.260000000000000009e-02
1.290000000000000001e-02
1.319999999999999993e-02
1.349999999999999985e-02
1.379999999999999977e-02
1.409999999999999969e-02
1.439999999999999961e-02
1.469999999999999953e-02
1.499999999999999944e-02
